상권_코드,기준_년_코드,기준_분기_코드,점포_수,유사_업종_점포_수,행정동_코드
1000001,2020,4,201,212,11110600
1000002,2020,4,115,122,11110710
1000003,2020,4,284,299,11110615
1000004,2020,4,73,84,11110650
1000005,2020,4,76,80,11110550
1000006,2020,4,91,91,11110600
1000007,2020,4,200,216,11110540
1000008,2020,4,86,99,11110540
1000009,2020,4,145,155,11110540
1000010,2020,4,126,143,11110650
1000011,2020,4,123,138,11110710
1000012,2020,4,68,70,11110515
1000013,2020,4,192,194,11110615
1000014,2020,4,62,68,11110630
1000015,2020,4,152,164,11110640
1000016,2020,4,198,202,11110530
1000017,2020,4,521,523,11110615
1000018,2020,4,101,115,11110710
1000019,2020,4,97,108,11110710
1000020,2020,4,101,107,11110700
1000021,2020,4,86,88,11110650
1000022,2020,4,71,74,11110680
1000023,2020,4,48,52,11110680
1000024,2020,4,31,32,11110680
1000025,2020,4,36,41,11110580
1000026,2020,4,85,87,11110560
1000027,2020,4,71,76,11110530
1000028,2020,4,242,260,11140670
1000029,2020,4,65,69,11140670
1000030,2020,4,168,178,11140615
1000031,2020,4,127,139,11140665
1000032,2020,4,233,246,11140665
1000033,2020,4,165,180,11140615
1000034,2020,4,209,232,11140645
1000035,2020,4,110,120,11140625
1000036,2020,4,108,111,11140625
1000037,2020,4,71,72,11140580
1000038,2020,4,85,98,11140635
1000039,2020,4,220,249,11140550
1000040,2020,4,162,177,11140605
1000041,2020,4,124,127,11140580
1000042,2020,4,158,170,11140625
1000043,2020,4,86,90,11140645
1000044,2020,4,152,154,11140540
1000045,2020,4,142,147,11140550
1000046,2020,4,137,147,11140580
1000047,2020,4,162,167,11140580
1000048,2020,4,158,164,11140540
1000049,2020,4,175,179,11140650
1000050,2020,4,31,32,11170690
1000051,2020,4,162,168,11170650
1000052,2020,4,175,178,11170650
1000053,2020,4,127,131,11170660
1000054,2020,4,104,110,11170660
1000055,2020,4,103,107,11170685
1000056,2020,4,113,125,11170530
1000057,2020,4,190,206,11170580
1000058,2020,4,140,155,11170560
1000059,2020,4,60,60,11170690
1000060,2020,4,117,127,11170520
1000061,2020,4,124,133,11170510
1000062,2020,4,130,131,11170700
1000063,2020,4,100,104,11170685
1000064,2020,4,103,107,11170700
1000065,2020,4,135,142,11170570
1000066,2020,4,119,125,11170570
1000067,2020,4,159,166,11170590
1000068,2020,4,162,178,11170560
1000069,2020,4,101,108,11170640
1000070,2020,4,195,205,11170650
1000071,2020,4,323,332,11170685
1000072,2020,4,104,113,11170700
1000073,2020,4,369,446,11170555
1000074,2020,4,55,58,11170555
1000075,2020,4,114,122,11170555
1000076,2020,4,77,89,11170555
1000077,2020,4,194,219,11170530
1000078,2020,4,118,123,11170625
1000079,2020,4,330,356,11170625
1000080,2020,4,200,208,11170625
1000081,2020,4,185,196,11170625
1000082,2020,4,105,110,11170625
1000083,2020,4,74,77,11170530
1000084,2020,4,155,162,11170685
1000085,2020,4,183,193,11170660
1000086,2020,4,120,133,11170590
1000087,2020,4,109,119,11170510
1000088,2020,4,136,155,11200560
1000089,2020,4,44,44,11200615
1000090,2020,4,96,102,11200615
1000091,2020,4,187,197,11200650
1000092,2020,4,122,131,11200670
1000093,2020,4,98,103,11200540
1000094,2020,4,166,174,11200540
1000095,2020,4,77,78,11200540
1000096,2020,4,65,78,11200550
1000097,2020,4,89,98,11200645
1000098,2020,4,138,155,11200615
1000099,2020,4,190,199,11200535
1000100,2020,4,142,152,11200520
1000101,2020,4,68,80,11200520
1000102,2020,4,97,110,11200550
1000103,2020,4,144,153,11200660
1000104,2020,4,218,250,11200660
1000105,2020,4,243,248,11200660
1000106,2020,4,216,226,11200670
1000107,2020,4,165,175,11200650
1000108,2020,4,208,217,11200690
1000109,2020,4,196,205,11200690
1000110,2020,4,295,320,11200690
1000111,2020,4,64,69,11200720
1000112,2020,4,197,203,11200720
1000113,2020,4,254,263,11200690
1000114,2020,4,197,218,11200690
1000115,2020,4,194,202,11200690
1000116,2020,4,198,206,11200660
1000117,2020,4,89,106,11200560
1000118,2020,4,274,286,11200535
1000119,2020,4,131,144,11200520
1000120,2020,4,319,352,11200660
1000121,2020,4,207,232,11200790
1000122,2020,4,59,59,11200790
1000123,2020,4,259,292,11200615
1000124,2020,4,325,332,11200540
1000125,2020,4,161,184,11200645
1000126,2020,4,103,107,11200645
1000127,2020,4,162,178,11215710
1000128,2020,4,117,142,11215710
1000129,2020,4,137,146,11215850
1000130,2020,4,62,64,11215860
1000131,2020,4,144,163,11215850
1000132,2020,4,140,157,11215870
1000133,2020,4,175,189,11215750
1000134,2020,4,205,221,11215740
1000135,2020,4,121,127,11215740
1000136,2020,4,228,245,11215760
1000137,2020,4,193,210,11215710
1000138,2020,4,125,137,11215710
1000139,2020,4,190,202,11215780
1000140,2020,4,151,162,11215847
1000141,2020,4,117,131,11215840
1000142,2020,4,211,222,11215847
1000143,2020,4,76,85,11215710
1000144,2020,4,99,104,11215840
1000145,2020,4,95,101,11215847
1000146,2020,4,137,154,11215830
1000147,2020,4,96,102,11215830
1000148,2020,4,193,212,11215830
1000149,2020,4,95,99,11215830
1000150,2020,4,151,159,11215760
1000151,2020,4,89,100,11215820
1000152,2020,4,114,127,11215850
1000153,2020,4,171,186,11215850
1000154,2020,4,181,206,11215870
1000155,2020,4,138,151,11215810
1000156,2020,4,236,250,11215750
1000157,2020,4,118,128,11215750
1000158,2020,4,244,258,11215820
1000159,2020,4,148,156,11215820
1000160,2020,4,133,139,11215850
1000161,2020,4,181,197,11215770
1000162,2020,4,122,132,11215860
1000163,2020,4,145,154,11215770
1000164,2020,4,117,126,11215840
1000165,2020,4,412,430,11215750
1000166,2020,4,179,191,11215750
1000167,2020,4,200,227,11215860
1000168,2020,4,87,113,11230710
1000169,2020,4,149,168,11230710
1000170,2020,4,97,98,11230536
1000171,2020,4,79,91,11230560
1000172,2020,4,116,120,11230610
1000173,2020,4,141,150,11230610
1000174,2020,4,77,81,11230660
1000175,2020,4,174,187,11230650
1000176,2020,4,203,217,11230650
1000177,2020,4,195,218,11230660
1000178,2020,4,108,118,11230650
1000179,2020,4,52,60,11230730
1000180,2020,4,116,132,11230730
1000181,2020,4,101,109,11230720
1000182,2020,4,72,77,11230536
1000183,2020,4,72,72,11230536
1000184,2020,4,153,167,11230570
1000185,2020,4,130,142,11230660
1000186,2020,4,66,67,11230600
1000187,2020,4,56,59,11230560
1000188,2020,4,105,114,11230560
1000189,2020,4,205,218,11230560
1000190,2020,4,183,189,11230545
1000191,2020,4,75,76,11230536
1000192,2020,4,138,139,11230545
1000193,2020,4,168,180,11230705
1000194,2020,4,54,56,11230750
1000195,2020,4,93,102,11230650
1000196,2020,4,136,149,11230650
1000197,2020,4,91,98,11230660
1000198,2020,4,129,160,11230650
1000199,2020,4,100,106,11230660
1000200,2020,4,109,121,11230660
1000201,2020,4,221,233,11230650
1000202,2020,4,115,123,11230650
1000203,2020,4,112,119,11230560
1000204,2020,4,122,133,11230600
1000205,2020,4,326,336,11230610
1000206,2020,4,74,77,11230705
1000207,2020,4,119,130,11230545
1000208,2020,4,60,77,11230740
1000209,2020,4,47,47,11230536
1000210,2020,4,173,188,11230536
1000211,2020,4,34,34,11230536
1000212,2020,4,118,121,11230650
1000213,2020,4,167,169,11230650
1000214,2020,4,206,217,11230650
1000215,2020,4,88,101,11230570
1000216,2020,4,94,101,11230660
1000217,2020,4,103,113,11230660
1000218,2020,4,56,61,11230720
1000219,2020,4,52,53,11230740
1000220,2020,4,223,261,11230740
1000221,2020,4,119,141,11230740
1000222,2020,4,149,158,11260565
1000223,2020,4,113,119,11260565
1000224,2020,4,105,114,11260565
1000225,2020,4,49,52,11260620
1000226,2020,4,169,199,11260620
1000227,2020,4,79,85,11260540
1000228,2020,4,131,135,11260520
1000229,2020,4,250,264,11260520
1000230,2020,4,244,262,11260590
1000231,2020,4,197,217,11260610
1000232,2020,4,107,111,11260600
1000233,2020,4,235,248,11260610
1000234,2020,4,69,75,11260610
1000235,2020,4,174,182,11260600
1000236,2020,4,82,85,11260630
1000237,2020,4,276,292,11260630
1000238,2020,4,131,140,11260630
1000239,2020,4,128,145,11260655
1000240,2020,4,69,74,11260655
1000241,2020,4,84,90,11260540
1000242,2020,4,111,120,11260540
1000243,2020,4,119,136,11260575
1000244,2020,4,153,167,11260575
1000245,2020,4,152,166,11260575
1000246,2020,4,116,122,11260565
1000247,2020,4,154,170,11260565
1000248,2020,4,155,163,11260565
1000249,2020,4,196,210,11260590
1000250,2020,4,45,48,11260600
1000251,2020,4,129,139,11260610
1000252,2020,4,278,330,11260680
1000253,2020,4,101,106,11260570
1000254,2020,4,172,187,11260570
1000255,2020,4,83,90,11260580
1000256,2020,4,100,114,11260660
1000257,2020,4,89,96,11260655
1000258,2020,4,176,189,11260655
1000259,2020,4,106,120,11260575
1000260,2020,4,160,172,11260520
1000261,2020,4,62,69,11290660
1000262,2020,4,66,70,11290810
1000263,2020,4,101,110,11290810
1000264,2020,4,122,131,11290770
1000265,2020,4,76,78,11290770
1000266,2020,4,97,100,11290760
1000267,2020,4,50,53,11290810
1000268,2020,4,121,133,11290575
1000269,2020,4,110,119,11290575
1000270,2020,4,155,165,11290575
1000271,2020,4,122,129,11290555
1000272,2020,4,130,140,11290555
1000273,2020,4,125,142,11290650
1000274,2020,4,169,183,11290610
1000275,2020,4,52,54,11290600
1000276,2020,4,176,186,11290555
1000277,2020,4,168,187,11290575
1000278,2020,4,169,184,11290555
1000279,2020,4,37,40,11290555
1000280,2020,4,33,33,11290555
1000281,2020,4,93,104,11290685
1000282,2020,4,88,91,11290525
1000283,2020,4,59,63,11290640
1000284,2020,4,209,227,11290575
1000285,2020,4,96,100,11290600
1000286,2020,4,134,144,11290715
1000287,2020,4,106,110,11290715
1000288,2020,4,259,285,11290725
1000289,2020,4,62,68,11290600
1000290,2020,4,160,173,11290610
1000291,2020,4,114,133,11290600
1000292,2020,4,200,260,11290600
1000293,2020,4,82,89,11290600
1000294,2020,4,162,165,11290610
1000295,2020,4,137,149,11290725
1000296,2020,4,37,37,11290780
1000297,2020,4,84,93,11290630
1000298,2020,4,70,78,11290630
1000299,2020,4,61,71,11290640
1000300,2020,4,92,100,11290705
1000301,2020,4,145,160,11290705
1000302,2020,4,87,102,11290705
1000303,2020,4,127,131,11290705
1000304,2020,4,101,109,11290705
1000305,2020,4,136,146,11290610
1000306,2020,4,105,114,11290525
1000307,2020,4,49,51,11290760
1000308,2020,4,111,128,11290810
1000309,2020,4,107,128,11290725
1000310,2020,4,94,108,11290725
1000311,2020,4,84,87,11290770
1000312,2020,4,120,129,11290715
1000313,2020,4,81,89,11290810
1000314,2020,4,79,86,11290810
1000315,2020,4,168,172,11305630
1000316,2020,4,68,72,11305620
1000317,2020,4,71,73,11305620
1000318,2020,4,73,75,11305600
1000319,2020,4,102,109,11305590
1000320,2020,4,95,100,11305555
1000321,2020,4,76,80,11305545
1000322,2020,4,200,214,11305535
1000323,2020,4,159,167,11305535
1000324,2020,4,224,240,11305535
1000325,2020,4,36,39,11305545
1000326,2020,4,81,84,11305630
1000327,2020,4,106,117,11305630
1000328,2020,4,60,63,11305555
1000329,2020,4,69,75,11305555
1000330,2020,4,80,94,11305575
1000331,2020,4,127,142,11305534
1000332,2020,4,47,49,11305555
1000333,2020,4,75,78,11305610
1000334,2020,4,76,82,11305660
1000335,2020,4,105,106,11305535
1000336,2020,4,109,120,11305535
1000337,2020,4,257,286,11305545
1000338,2020,4,158,169,11305555
1000339,2020,4,156,166,11305610
1000340,2020,4,102,113,11305545
1000341,2020,4,77,82,11305545
1000342,2020,4,188,202,11305590
1000343,2020,4,83,83,11305660
1000344,2020,4,70,77,11305660
1000345,2020,4,53,56,11305660
1000346,2020,4,193,226,11305606
1000347,2020,4,51,57,11305590
1000348,2020,4,65,70,11305590
1000349,2020,4,217,234,11305590
1000350,2020,4,95,103,11305630
1000351,2020,4,149,159,11305630
1000352,2020,4,197,221,11320680
1000353,2020,4,92,109,11320515
1000354,2020,4,101,105,11320513
1000355,2020,4,72,78,11320700
1000356,2020,4,107,113,11320700
1000357,2020,4,142,150,11320690
1000358,2020,4,203,216,11320690
1000359,2020,4,170,185,11320680
1000360,2020,4,481,524,11320511
1000361,2020,4,120,126,11320690
1000362,2020,4,201,218,11320690
1000363,2020,4,64,66,11320522
1000364,2020,4,79,82,11320522
1000365,2020,4,128,139,11320521
1000366,2020,4,186,206,11320521
1000367,2020,4,40,42,11320521
1000368,2020,4,92,99,11320521
1000369,2020,4,100,106,11320700
1000370,2020,4,49,55,11320710
1000371,2020,4,103,108,11320670
1000372,2020,4,161,165,11320690
1000373,2020,4,125,141,11320660
1000374,2020,4,144,152,11320521
1000375,2020,4,106,115,11320660
1000376,2020,4,108,120,11320513
1000377,2020,4,139,162,11320515
1000378,2020,4,98,107,11350611
1000379,2020,4,197,208,11350595
1000380,2020,4,243,300,11350595
1000381,2020,4,122,137,11350630
1000382,2020,4,151,166,11350640
1000383,2020,4,155,179,11350640
1000384,2020,4,205,227,11350640
1000385,2020,4,216,245,11350560
1000386,2020,4,316,361,11350624
1000387,2020,4,185,195,11350670
1000388,2020,4,128,134,11350670
1000389,2020,4,123,135,11380600
1000390,2020,4,175,191,11380631
1000391,2020,4,149,156,11380552
1000392,2020,4,66,69,11380551
1000393,2020,4,118,128,11380625
1000394,2020,4,137,153,11380600
1000395,2020,4,84,88,11380560
1000396,2020,4,94,101,11380570
1000397,2020,4,76,79,11380650
1000398,2020,4,116,125,11380570
1000399,2020,4,102,113,11380560
1000400,2020,4,90,93,11380560
1000401,2020,4,174,189,11380625
1000402,2020,4,198,215,11380552
1000403,2020,4,123,133,11380552
1000404,2020,4,157,176,11380552
1000405,2020,4,206,223,11380570
1000406,2020,4,116,130,11380551
1000407,2020,4,83,89,11380530
1000408,2020,4,124,133,11380530
1000409,2020,4,108,116,11380625
1000410,2020,4,92,98,11380530
1000411,2020,4,146,157,11380625
1000412,2020,4,152,160,11380580
1000413,2020,4,294,303,11380510
1000414,2020,4,60,63,11380580
1000415,2020,4,141,161,11380625
1000416,2020,4,133,144,11380580
1000417,2020,4,139,145,11380600
1000418,2020,4,165,186,11380600
1000419,2020,4,115,122,11380600
1000420,2020,4,130,145,11380600
1000421,2020,4,94,103,11380580
1000422,2020,4,113,115,11380640
1000423,2020,4,72,76,11380632
1000424,2020,4,88,98,11380632
1000425,2020,4,146,156,11380631
1000426,2020,4,87,93,11380640
1000427,2020,4,103,109,11380640
1000428,2020,4,106,111,11380640
1000429,2020,4,128,138,11380510
1000430,2020,4,205,219,11380625
1000431,2020,4,60,63,11380570
1000432,2020,4,78,83,11380530
1000433,2020,4,187,199,11380551
1000434,2020,4,51,58,11380530
1000435,2020,4,153,168,11410700
1000436,2020,4,81,90,11410520
1000437,2020,4,190,218,11410700
1000438,2020,4,191,215,11410690
1000439,2020,4,92,94,11410555
1000440,2020,4,229,244,11410660
1000441,2020,4,196,231,11410655
1000442,2020,4,183,200,11410640
1000443,2020,4,79,84,11410710
1000444,2020,4,107,113,11410555
1000445,2020,4,71,84,11410615
1000446,2020,4,130,140,11410720
1000447,2020,4,295,348,11410700
1000448,2020,4,64,68,11410720
1000449,2020,4,279,303,11410720
1000450,2020,4,49,54,11410685
1000451,2020,4,147,156,11410565
1000452,2020,4,150,163,11410565
1000453,2020,4,61,68,11410520
1000454,2020,4,142,162,11410620
1000455,2020,4,91,99,11410620
1000456,2020,4,82,84,11410615
1000457,2020,4,54,58,11410620
1000458,2020,4,136,145,11440630
1000459,2020,4,106,122,11440600
1000460,2020,4,135,142,11440610
1000461,2020,4,83,95,11440585
1000462,2020,4,146,168,11440585
1000463,2020,4,82,86,11440655
1000464,2020,4,150,155,11440630
1000465,2020,4,152,156,11440680
1000466,2020,4,147,156,11440660
1000467,2020,4,242,256,11440660
1000468,2020,4,129,135,11440710
1000469,2020,4,344,363,11440710
1000470,2020,4,389,400,11440710
1000471,2020,4,137,155,11440555
1000472,2020,4,203,216,11440565
1000473,2020,4,115,125,11440585
1000474,2020,4,173,179,11440565
1000475,2020,4,159,174,11440700
1000476,2020,4,192,203,11440690
1000477,2020,4,381,421,11440740
1000478,2020,4,115,125,11440730
1000479,2020,4,100,107,11440700
1000480,2020,4,235,254,11440600
1000481,2020,4,144,154,11440720
1000482,2020,4,145,158,11440720
1000483,2020,4,106,108,11440710
1000484,2020,4,176,187,11440720
1000485,2020,4,108,112,11440680
1000486,2020,4,35,36,11440610
1000487,2020,4,159,177,11440610
1000488,2020,4,266,283,11440660
1000489,2020,4,54,57,11440555
1000490,2020,4,63,67,11440555
1000491,2020,4,171,180,11440660
1000492,2020,4,203,217,11440680
1000493,2020,4,166,172,11440680
1000494,2020,4,170,172,11440660
1000495,2020,4,157,170,11440660
1000496,2020,4,104,109,11440655
1000497,2020,4,185,194,11440660
1000498,2020,4,175,187,11440690
1000499,2020,4,200,216,11440660
1000500,2020,4,249,274,11440690
1000501,2020,4,182,190,11440700
1000502,2020,4,136,154,11440730
1000503,2020,4,115,124,11440680
1000504,2020,4,163,171,11440660
1000505,2020,4,248,259,11440590
1000506,2020,4,71,76,11440565
1000507,2020,4,39,43,11470580
1000508,2020,4,135,146,11470560
1000509,2020,4,79,85,11470560
1000510,2020,4,183,192,11470560
1000511,2020,4,131,139,11470560
1000512,2020,4,92,98,11470600
1000513,2020,4,143,157,11470580
1000514,2020,4,65,71,11470580
1000515,2020,4,145,157,11470611
1000516,2020,4,102,110,11470610
1000517,2020,4,85,101,11470640
1000518,2020,4,146,167,11470680
1000519,2020,4,295,325,11470510
1000520,2020,4,154,175,11470630
1000521,2020,4,209,232,11470650
1000522,2020,4,393,416,11470650
1000523,2020,4,156,167,11470540
1000524,2020,4,53,54,11470520
1000525,2020,4,59,66,11470540
1000526,2020,4,113,125,11470540
1000527,2020,4,68,74,11470520
1000528,2020,4,83,91,11470530
1000529,2020,4,192,204,11470540
1000530,2020,4,104,111,11470540
1000531,2020,4,89,96,11470630
1000532,2020,4,163,179,11470630
1000533,2020,4,196,213,11470630
1000534,2020,4,183,203,11470590
1000535,2020,4,84,92,11470610
1000536,2020,4,95,98,11470650
1000537,2020,4,154,160,11470650
1000538,2020,4,69,73,11470590
1000539,2020,4,156,170,11470590
1000540,2020,4,159,182,11470620
1000541,2020,4,140,146,11470650
1000542,2020,4,78,82,11470640
1000543,2020,4,192,209,11470620
1000544,2020,4,138,145,11470620
1000545,2020,4,118,129,11470640
1000546,2020,4,45,46,11470640
1000547,2020,4,123,130,11470570
1000548,2020,4,63,64,11470570
1000549,2020,4,190,207,11470611
1000550,2020,4,103,109,11470600
1000551,2020,4,120,134,11470600
1000552,2020,4,105,109,11500540
1000553,2020,4,105,111,11500540
1000554,2020,4,193,209,11500540
1000555,2020,4,55,59,11500540
1000556,2020,4,163,176,11500593
1000557,2020,4,142,156,11500540
1000558,2020,4,96,104,11500560
1000559,2020,4,199,237,11500560
1000560,2020,4,112,122,11500560
1000561,2020,4,163,181,11500611
1000562,2020,4,72,80,11500611
1000563,2020,4,231,254,11500540
1000564,2020,4,141,154,11500540
1000565,2020,4,108,115,11500550
1000566,2020,4,217,230,11500593
1000567,2020,4,147,155,11500640
1000568,2020,4,129,132,11500640
1000569,2020,4,123,137,11500593
1000570,2020,4,88,101,11500550
1000571,2020,4,72,75,11500550
1000572,2020,4,72,78,11500570
1000573,2020,4,178,201,11500570
1000574,2020,4,83,87,11500615
1000575,2020,4,113,121,11500615
1000576,2020,4,121,134,11500520
1000577,2020,4,193,210,11500520
1000578,2020,4,121,141,11500510
1000579,2020,4,102,114,11500510
1000580,2020,4,171,188,11500620
1000581,2020,4,92,94,11500550
1000582,2020,4,136,147,11500590
1000583,2020,4,171,180,11500620
1000584,2020,4,91,99,11500570
1000585,2020,4,137,153,11500530
1000586,2020,4,89,100,11500530
1000587,2020,4,89,99,11500530
1000588,2020,4,162,183,11500570
1000589,2020,4,137,150,11500620
1000590,2020,4,199,209,11500620
1000591,2020,4,156,170,11500640
1000592,2020,4,186,202,11500630
1000593,2020,4,116,128,11500630
1000594,2020,4,121,139,11500630
1000595,2020,4,91,99,11500603
1000596,2020,4,126,143,11500510
1000597,2020,4,169,187,11500510
1000598,2020,4,141,155,11500615
1000599,2020,4,100,109,11500540
1000600,2020,4,156,175,11500590
1000601,2020,4,69,73,11500590
1000602,2020,4,73,77,11500630
1000603,2020,4,174,188,11470600
1000604,2020,4,188,196,11500540
1000605,2020,4,240,252,11500615
1000606,2020,4,196,215,11500591
1000607,2020,4,97,104,11500591
1000608,2020,4,209,240,11500520
1000609,2020,4,71,79,11530760
1000610,2020,4,82,88,11530750
1000611,2020,4,66,77,11530750
1000612,2020,4,49,52,11530760
1000613,2020,4,116,135,11530750
1000614,2020,4,224,251,11530740
1000615,2020,4,170,184,11530760
1000616,2020,4,199,220,11530760
1000617,2020,4,99,109,11530770
1000618,2020,4,100,108,11530740
1000619,2020,4,168,179,11530740
1000620,2020,4,193,248,11530720
1000621,2020,4,152,170,11530740
1000622,2020,4,125,129,11530740
1000623,2020,4,87,96,11530730
1000624,2020,4,74,81,11530720
1000625,2020,4,114,122,11530560
1000626,2020,4,83,85,11530530
1000627,2020,4,138,145,11530530
1000628,2020,4,105,110,11530530
1000629,2020,4,69,76,11530530
1000630,2020,4,144,150,11530530
1000631,2020,4,133,137,11530595
1000632,2020,4,198,206,11530550
1000633,2020,4,150,155,11530530
1000634,2020,4,203,221,11530560
1000635,2020,4,62,65,11530560
1000636,2020,4,68,71,11530510
1000637,2020,4,141,153,11530550
1000638,2020,4,177,190,11530550
1000639,2020,4,77,102,11530750
1000640,2020,4,101,109,11530540
1000641,2020,4,133,142,11530595
1000642,2020,4,91,96,11530595
1000643,2020,4,200,232,11530540
1000644,2020,4,379,440,11530540
1000645,2020,4,77,84,11530790
1000646,2020,4,116,125,11530790
1000647,2020,4,97,106,11530790
1000648,2020,4,142,160,11530560
1000649,2020,4,36,39,11530510
1000650,2020,4,212,227,11530780
1000651,2020,4,55,58,11530595
1000652,2020,4,94,99,11530730
1000653,2020,4,328,363,11530720
1000654,2020,4,95,103,11545610
1000655,2020,4,160,169,11545510
1000656,2020,4,100,108,11545670
1000657,2020,4,96,101,11545610
1000658,2020,4,73,80,11545710
1000659,2020,4,159,168,11545510
1000660,2020,4,160,174,11545630
1000661,2020,4,142,154,11545700
1000662,2020,4,73,80,11545700
1000663,2020,4,111,121,11545620
1000664,2020,4,81,87,11545640
1000665,2020,4,113,121,11545640
1000666,2020,4,94,104,11545630
1000667,2020,4,91,95,11545630
1000668,2020,4,86,94,11545610
1000669,2020,4,84,87,11545610
1000670,2020,4,103,112,11545510
1000671,2020,4,175,199,11545640
1000672,2020,4,105,108,11545630
1000673,2020,4,184,196,11545610
1000674,2020,4,255,265,11545630
1000675,2020,4,74,84,11545510
1000676,2020,4,115,123,11545690
1000677,2020,4,68,77,11545690
1000678,2020,4,79,88,11545670
1000679,2020,4,167,186,11545670
1000680,2020,4,97,104,11545670
1000681,2020,4,56,59,11545620
1000682,2020,4,201,211,11545620
1000683,2020,4,99,105,11560650
1000684,2020,4,174,179,11560605
1000685,2020,4,101,103,11560605
1000686,2020,4,45,47,11560605
1000687,2020,4,196,211,11560535
1000688,2020,4,191,213,11560550
1000689,2020,4,179,201,11560560
1000690,2020,4,172,187,11560560
1000691,2020,4,198,209,11560560
1000692,2020,4,123,128,11560700
1000693,2020,4,518,542,11560720
1000694,2020,4,150,155,11560720
1000695,2020,4,150,158,11560720
1000696,2020,4,143,147,11560720
1000697,2020,4,136,138,11560710
1000698,2020,4,159,174,11560700
1000699,2020,4,67,73,11560585
1000700,2020,4,128,131,11560605
1000701,2020,4,41,45,11560670
1000702,2020,4,132,145,11560710
1000703,2020,4,119,129,11560585
1000704,2020,4,107,116,11560585
1000705,2020,4,117,126,11560630
1000706,2020,4,64,71,11560630
1000707,2020,4,258,266,11560710
1000708,2020,4,187,193,11560710
1000709,2020,4,53,56,11560700
1000710,2020,4,218,235,11560620
1000711,2020,4,84,85,11560610
1000712,2020,4,200,220,11560610
1000713,2020,4,75,81,11560610
1000714,2020,4,85,90,11560670
1000715,2020,4,55,59,11560650
1000716,2020,4,43,46,11560630
1000717,2020,4,51,55,11560660
1000718,2020,4,108,115,11560515
1000719,2020,4,300,344,11560620
1000720,2020,4,121,130,11560620
1000721,2020,4,136,150,11560620
1000722,2020,4,123,134,11560680
1000723,2020,4,127,136,11560690
1000724,2020,4,114,119,11560690
1000725,2020,4,59,60,11560630
1000726,2020,4,202,214,11560550
1000727,2020,4,225,233,11560550
1000728,2020,4,213,222,11560535
1000729,2020,4,43,46,11560515
1000730,2020,4,69,72,11560630
1000731,2020,4,143,161,11560630
1000732,2020,4,109,128,11560515
1000733,2020,4,157,173,11590550
1000734,2020,4,42,47,11590680
1000735,2020,4,77,83,11590550
1000736,2020,4,36,39,11590520
1000737,2020,4,144,153,11590660
1000738,2020,4,111,126,11590660
1000739,2020,4,167,185,11590620
1000740,2020,4,70,76,11590630
1000741,2020,4,164,173,11590630
1000742,2020,4,74,82,11590630
1000743,2020,4,268,297,11590620
1000744,2020,4,169,175,11590660
1000745,2020,4,73,83,11590510
1000746,2020,4,116,126,11590510
1000747,2020,4,83,93,11590650
1000748,2020,4,125,133,11590650
1000749,2020,4,80,84,11590620
1000750,2020,4,60,68,11590640
1000751,2020,4,41,42,11590640
1000752,2020,4,80,84,11590620
1000753,2020,4,102,114,11590640
1000754,2020,4,100,109,11590651
1000755,2020,4,127,138,11590620
1000756,2020,4,102,110,11590651
1000757,2020,4,180,194,11590540
1000758,2020,4,154,170,11590530
1000759,2020,4,84,91,11590530
1000760,2020,4,158,210,11590530
1000761,2020,4,155,180,11590530
1000762,2020,4,31,32,11590605
1000763,2020,4,33,37,11590605
1000764,2020,4,105,118,11590605
1000765,2020,4,76,80,11590605
1000766,2020,4,118,130,11590560
1000767,2020,4,27,30,11590560
1000768,2020,4,252,273,11590670
1000769,2020,4,91,102,11590560
1000770,2020,4,49,52,11590680
1000771,2020,4,48,54,11590680
1000772,2020,4,95,104,11590680
1000773,2020,4,150,161,11590660
1000774,2020,4,81,92,11590660
1000775,2020,4,141,153,11590540
1000776,2020,4,67,70,11590520
1000777,2020,4,91,100,11590520
1000778,2020,4,70,84,11590605
1000779,2020,4,100,129,11590605
1000780,2020,4,93,102,11620585
1000781,2020,4,149,165,11620585
1000782,2020,4,64,71,11620575
1000783,2020,4,187,204,11620545
1000784,2020,4,67,74,11620685
1000785,2020,4,113,126,11620695
1000786,2020,4,76,86,11620565
1000787,2020,4,77,81,11620605
1000788,2020,4,131,142,11620625
1000789,2020,4,44,49,11620775
1000790,2020,4,71,77,11620775
1000791,2020,4,106,120,11620775
1000792,2020,4,85,95,11620685
1000793,2020,4,142,158,11620765
1000794,2020,4,66,70,11620715
1000795,2020,4,133,142,11620765
1000796,2020,4,214,239,11620685
1000797,2020,4,194,206,11620685
1000798,2020,4,134,143,11620765
1000799,2020,4,110,119,11620585
1000800,2020,4,131,146,11620625
1000801,2020,4,135,142,11620630
1000802,2020,4,88,101,11620630
1000803,2020,4,75,79,11620630
1000804,2020,4,192,210,11620525
1000805,2020,4,35,35,11620735
1000806,2020,4,147,168,11620735
1000807,2020,4,65,71,11620765
1000808,2020,4,44,46,11620775
1000809,2020,4,103,118,11620775
1000810,2020,4,61,68,11620665
1000811,2020,4,42,47,11620525
1000812,2020,4,132,142,11620605
1000813,2020,4,53,59,11620665
1000814,2020,4,66,72,11620630
1000815,2020,4,194,212,11620695
1000816,2020,4,110,125,11620735
1000817,2020,4,168,181,11620665
1000818,2020,4,84,92,11620665
1000819,2020,4,76,87,11620645
1000820,2020,4,137,150,11620695
1000821,2020,4,108,120,11620695
1000822,2020,4,35,37,11620685
1000823,2020,4,141,153,11620655
1000824,2020,4,73,80,11620615
1000825,2020,4,110,121,11620565
1000826,2020,4,83,94,11620625
1000827,2020,4,273,294,11620595
1000828,2020,4,115,124,11620595
1000829,2020,4,231,247,11620725
1000830,2020,4,236,243,11620725
1000831,2020,4,179,200,11620725
1000832,2020,4,117,127,11620615
1000833,2020,4,91,97,11620595
1000834,2020,4,229,252,11620595
1000835,2020,4,103,113,11620545
1000836,2020,4,128,137,11620575
1000837,2020,4,185,205,11620575
1000838,2020,4,112,120,11620735
1000839,2020,4,407,458,11620735
1000840,2020,4,66,68,11620745
1000841,2020,4,39,39,11620745
1000842,2020,4,62,65,11620745
1000843,2020,4,47,53,11620595
1000844,2020,4,172,181,11650651
1000845,2020,4,206,218,11650651
1000846,2020,4,334,360,11650652
1000847,2020,4,339,389,11650581
1000848,2020,4,229,245,11650530
1000849,2020,4,214,242,11650530
1000850,2020,4,187,196,11650510
1000851,2020,4,154,165,11650652
1000852,2020,4,259,272,11650651
1000853,2020,4,121,128,11650621
1000854,2020,4,218,230,11650590
1000855,2020,4,127,133,11650581
1000856,2020,4,154,163,11650652
1000857,2020,4,169,179,11650652
1000858,2020,4,199,206,11650610
1000859,2020,4,231,255,11650652
1000860,2020,4,159,168,11650651
1000861,2020,4,131,143,11650530
1000862,2020,4,91,95,11650600
1000863,2020,4,216,227,11650590
1000864,2020,4,154,161,11650590
1000865,2020,4,162,174,11650510
1000866,2020,4,240,261,11650581
1000867,2020,4,135,146,11650581
1000868,2020,4,78,83,11650560
1000869,2020,4,95,100,11650621
1000870,2020,4,221,236,11650621
1000871,2020,4,255,279,11650621
1000872,2020,4,163,179,11650610
1000873,2020,4,73,77,11650510
1000874,2020,4,22,23,11650610
1000875,2020,4,181,191,11650540
1000876,2020,4,206,209,11650652
1000877,2020,4,134,146,11650560
1000878,2020,4,106,113,11650560
1000879,2020,4,164,177,11650610
1000880,2020,4,112,119,11650600
1000881,2020,4,137,146,11650600
1000882,2020,4,129,137,11650620
1000883,2020,4,124,136,11650520
1000884,2020,4,152,161,11650590
1000885,2020,4,171,176,11650510
1000886,2020,4,107,121,11680521
1000887,2020,4,172,175,11680521
1000888,2020,4,78,82,11680521
1000889,2020,4,170,179,11680690
1000890,2020,4,215,228,11680690
1000891,2020,4,153,159,11680690
1000892,2020,4,147,164,11680670
1000893,2020,4,148,162,11680655
1000894,2020,4,194,208,11680640
1000895,2020,4,154,166,11680690
1000896,2020,4,239,256,11680521
1000897,2020,4,97,102,11680521
1000898,2020,4,203,208,11680521
1000899,2020,4,93,95,11680510
1000900,2020,4,254,268,11680656
1000901,2020,4,141,157,11680656
1000902,2020,4,247,265,11680640
1000903,2020,4,203,219,11680690
1000904,2020,4,399,421,11680650
1000905,2020,4,116,120,11680510
1000906,2020,4,127,131,11680510
1000907,2020,4,210,217,11680531
1000908,2020,4,134,140,11680531
1000909,2020,4,113,118,11680531
1000910,2020,4,195,198,11680565
1000911,2020,4,203,212,11680565
1000912,2020,4,52,54,11680580
1000913,2020,4,255,279,11680531
1000914,2020,4,326,350,11680531
1000915,2020,4,99,101,11680590
1000916,2020,4,131,137,11680590
1000917,2020,4,203,220,11680590
1000918,2020,4,122,126,11680565
1000919,2020,4,131,141,11680600
1000920,2020,4,236,249,11680630
1000921,2020,4,144,150,11680610
1000922,2020,4,315,338,11680630
1000923,2020,4,158,175,11680630
1000924,2020,4,105,117,11680531
1000925,2020,4,258,268,11680565
1000926,2020,4,190,199,11680531
1000927,2020,4,319,333,11680565
1000928,2020,4,171,187,11680670
1000929,2020,4,188,192,11680510
1000930,2020,4,435,458,11680650
1000931,2020,4,200,223,11680580
1000932,2020,4,135,140,11680610
1000933,2020,4,188,204,11680730
1000934,2020,4,188,221,11680730
1000935,2020,4,251,275,11680580
1000936,2020,4,194,205,11680531
1000937,2020,4,261,286,11680590
1000938,2020,4,157,161,11680521
1000939,2020,4,187,198,11680565
1000940,2020,4,215,240,11710550
1000941,2020,4,269,300,11710632
1000942,2020,4,214,224,11710550
1000943,2020,4,236,259,11710610
1000944,2020,4,268,298,11710610
1000945,2020,4,305,329,11710610
1000946,2020,4,219,235,11710610
1000947,2020,4,228,246,11710600
1000948,2020,4,236,252,11710600
1000949,2020,4,205,228,11710600
1000950,2020,4,182,195,11710580
1000951,2020,4,327,352,11710580
1000952,2020,4,270,292,11710580
1000953,2020,4,227,247,11710562
1000954,2020,4,423,481,11710650
1000955,2020,4,232,249,11710632
1000956,2020,4,262,279,11710641
1000957,2020,4,242,253,11710641
1000958,2020,4,367,419,11710620
1000959,2020,4,198,214,11710620
1000960,2020,4,264,292,11710620
1000961,2020,4,317,349,11710561
1000962,2020,4,266,299,11710570
1000963,2020,4,298,325,11710562
1000964,2020,4,249,273,11710620
1000965,2020,4,224,244,11710632
1000966,2020,4,134,139,11710510
1000967,2020,4,281,305,11740660
1000968,2020,4,168,187,11740570
1000969,2020,4,48,60,11740590
1000970,2020,4,109,130,11740550
1000971,2020,4,107,113,11740600
1000972,2020,4,187,195,11740610
1000973,2020,4,119,135,11740600
1000974,2020,4,216,238,11740540
1000975,2020,4,82,89,11740560
1000976,2020,4,152,171,11740550
1000977,2020,4,146,161,11740700
1000978,2020,4,166,185,11740610
1000979,2020,4,195,218,11740610
1000980,2020,4,247,266,11740530
1000981,2020,4,197,228,11740580
1000982,2020,4,165,183,11740520
1000983,2020,4,267,302,11740640
1000984,2020,4,212,226,11740640
1000985,2020,4,157,167,11740570
1000986,2020,4,292,312,11740660
1000987,2020,4,79,88,11740685
1000988,2020,4,240,255,11740685
1000989,2020,4,144,155,11740600
1000990,2020,4,225,244,11740660
1000991,2020,4,180,195,11740660
1000992,2020,4,131,146,11740700
1000993,2020,4,304,327,11740640
1000994,2020,4,93,95,11740610
1000995,2020,4,91,99,11740610
1000996,2020,4,82,87,11740610
1000997,2020,4,128,134,11740610
1000998,2020,4,139,146,11740570
1000999,2020,4,214,234,11740620
1001000,2020,4,154,166,11740685
1001001,2020,4,156,169,11740600
1001002,2020,4,253,269,11740530
1001003,2020,4,109,122,11740650
1001004,2020,4,196,210,11740650
1001005,2020,4,148,157,11740685
1001006,2020,4,130,146,11740685
1001007,2020,4,166,178,11740520
1001008,2020,4,154,169,11740650
1001009,2020,4,183,194,11740650
1001010,2020,4,87,91,11740650
1001011,2020,4,438,501,11545670
1001012,2020,4,165,172,11650652
1001013,2020,4,163,172,11650652
1001014,2020,4,392,392,11650652
1001015,2020,4,526,606,11545610
1001016,2020,4,191,219,11620735
1001017,2020,4,206,262,11620630
1001018,2020,4,639,685,11650652
1001019,2020,4,129,137,11680690
1001020,2020,4,1141,1200,11710642
1001021,2020,4,644,691,11545510
1001022,2020,4,362,391,11590620
1001023,2020,4,1040,1146,11545510
1001024,2020,4,389,447,11650610
1001025,2020,4,1055,1187,11620595
1001026,2020,4,144,146,11530595
1001027,2020,4,2199,2431,11545510
1001028,2020,4,121,135,11620575
1001029,2020,4,113,132,11650651
1001030,2020,4,298,343,11650651
1001031,2020,4,415,516,11620645
1001032,2020,4,267,306,11620645
1001033,2020,4,649,674,11650510
1001034,2020,4,485,578,11650600
1001035,2020,4,191,208,11680656
1001036,2020,4,43,49,11710641
1001037,2020,4,348,391,11680655
1001038,2020,4,1578,1785,11530540
1001039,2020,4,774,821,11650530
1001040,2020,4,242,278,11620695
1001041,2020,4,606,699,11680750
1001042,2020,4,243,269,11650510
1001043,2020,4,323,356,11650621
1001044,2020,4,586,629,11650520
1001045,2020,4,504,577,11590630
1001046,2020,4,495,542,11620695
1001047,2020,4,183,191,11680655
1001048,2020,4,672,706,11650520
1001049,2020,4,330,360,11530760
1001050,2020,4,2112,2238,11650530
1001051,2020,4,629,720,11590680
1001052,2020,4,775,824,11680640
1001053,2020,4,133,158,11680600
1001054,2020,4,342,377,11680600
1001055,2020,4,526,532,11650530
1001056,2020,4,588,628,11710620
1001057,2020,4,635,704,11650510
1001058,2020,4,437,466,11680640
1001059,2020,4,802,816,11650530
1001060,2020,4,1417,1419,11710631
1001061,2020,4,217,241,11650590
1001062,2020,4,939,1024,11650520
1001063,2020,4,966,1017,11650531
1001064,2020,4,136,152,11530550
1001065,2020,4,143,169,11680600
1001066,2020,4,1459,1593,11680640
1001067,2020,4,378,415,11530770
1001068,2020,4,138,166,11680610
1001069,2020,4,91,102,11680630
1001070,2020,4,110,123,11680610
1001071,2020,4,631,730,11680630
1001072,2020,4,272,316,11590550
1001073,2020,4,1479,1610,11680640
1001074,2020,4,287,309,11530560
1001075,2020,4,198,213,11680650
1001076,2020,4,301,333,11530560
1001077,2020,4,601,650,11680650
1001078,2020,4,1230,1378,11650531
1001079,2020,4,23,28,11710600
1001080,2020,4,77,83,11710580
1001081,2020,4,619,694,11680640
1001082,2020,4,1356,1494,11680630
1001083,2020,4,89,102,11710580
1001084,2020,4,406,450,11680590
1001085,2020,4,2553,2813,11680640
1001086,2020,4,1038,1140,11650581
1001087,2020,4,1099,1183,11680640
1001088,2020,4,779,858,11680610
1001089,2020,4,112,121,11680640
1001090,2020,4,193,210,11680531
1001091,2020,4,120,152,11680610
1001092,2020,4,671,731,11650560
1001093,2020,4,1038,1205,11710650
1001094,2020,4,147,157,11680590
1001095,2020,4,1398,1511,11680521
1001096,2020,4,1148,1290,11530510
1001097,2020,4,625,685,11710680
1001098,2020,4,666,729,11680590
1001099,2020,4,484,538,11680580
1001100,2020,4,119,130,11680521
1001101,2020,4,333,360,11680590
1001102,2020,4,174,179,11680521
1001103,2020,4,862,965,11680580
1001104,2020,4,268,291,11680580
1001105,2020,4,401,483,11590510
1001106,2020,4,110,123,11680531
1001107,2020,4,687,770,11710562
1001108,2020,4,107,117,11680521
1001109,2020,4,649,700,11650540
1001110,2020,4,370,440,11710710
1001111,2020,4,485,528,11680531
1001112,2020,4,256,276,11680531
1001113,2020,4,188,203,11590510
1001114,2020,4,264,275,11650540
1001115,2020,4,358,398,11680531
1001116,2020,4,25,31,11560535
1001117,2020,4,593,624,11680521
1001118,2020,4,260,294,11560605
1001119,2020,4,418,480,11560535
1001120,2020,4,282,295,11680545
1001121,2020,4,108,112,11560535
1001122,2020,4,283,296,11560540
1001123,2020,4,364,396,11680531
1001124,2020,4,253,258,11560535
1001125,2020,4,158,160,11680565
1001126,2020,4,38,40,11470650
1001127,2020,4,1354,1475,11560540
1001128,2020,4,91,95,11680565
1001129,2020,4,161,168,11680565
1001130,2020,4,144,164,11680565
1001131,2020,4,184,202,11680565
1001132,2020,4,382,394,11560550
1001133,2020,4,246,266,11680565
1001134,2020,4,690,806,11560540
1001135,2020,4,2804,3051,11680510
1001136,2020,4,128,158,11470510
1001137,2020,4,260,286,11740660
1001138,2020,4,852,894,11680565
1001139,2020,4,378,421,11560550
1001140,2020,4,1015,1085,11680545
1001141,2020,4,1859,1969,11680545
1001142,2020,4,157,176,11560540
1001143,2020,4,181,200,11170625
1001144,2020,4,731,823,11560540
1001145,2020,4,1370,1461,11170625
1001146,2020,4,47,48,11170650
1001147,2020,4,950,954,11170625
1001148,2020,4,69,79,11470540
1001149,2020,4,236,271,11170685
1001150,2020,4,629,675,11170650
1001151,2020,4,631,637,11170570
1001152,2020,4,1072,1109,11215870
1001153,2020,4,220,258,11560620
1001154,2020,4,151,161,11170560
1001155,2020,4,1002,1017,11170560
1001156,2020,4,590,680,11740685
1001157,2020,4,110,123,11740650
1001158,2020,4,213,243,11560560
1001159,2020,4,147,171,11710510
1001160,2020,4,529,585,11215850
1001161,2020,4,108,140,11215840
1001162,2020,4,260,308,11215847
1001163,2020,4,1366,1515,11740610
1001164,2020,4,382,433,11440585
1001165,2020,4,610,733,11215710
1001166,2020,4,684,741,11440590
1001167,2020,4,146,167,11440565
1001168,2020,4,223,260,11170530
1001169,2020,4,354,392,11170520
1001170,2020,4,189,202,11440555
1001171,2020,4,30,35,11440555
1001172,2020,4,164,194,11215730
1001173,2020,4,483,571,11740530
1001174,2020,4,125,143,11470530
1001175,2020,4,565,670,11740540
1001176,2020,4,25,29,11140635
1001177,2020,4,162,181,11140625
1001178,2020,4,286,301,11440660
1001179,2020,4,513,577,11500591
1001180,2020,4,490,538,11440600
1001181,2020,4,357,411,11215730
1001182,2020,4,3736,4149,11440660
1001183,2020,4,202,216,11440660
1001184,2020,4,255,277,11440660
1001185,2020,4,1481,1720,11410585
1001186,2020,4,937,1033,11410585
1001187,2020,4,223,288,11200550
1001188,2020,4,97,108,11140580
1001189,2020,4,338,366,11140550
1001190,2020,4,575,585,11200790
1001191,2020,4,17,21,11200560
1001192,2020,4,396,460,11140570
1001193,2020,4,241,276,11230650
1001194,2020,4,362,428,11500535
1001195,2020,4,154,167,11200535
1001196,2020,4,451,517,11140520
1001197,2020,4,520,529,11230650
1001198,2020,4,270,306,11500620
1001199,2020,4,913,972,11140570
1001200,2020,4,569,638,11140520
1001201,2020,4,383,412,11140650
1001202,2020,4,768,808,11140520
1001203,2020,4,1918,2193,11140550
1001204,2020,4,705,748,11140605
1001205,2020,4,1216,1257,11140590
1001206,2020,4,242,280,11410565
1001207,2020,4,2051,2069,11140615
1001208,2020,4,792,816,11140605
1001209,2020,4,755,824,11140550
1001210,2020,4,446,504,11140520
1001211,2020,4,908,953,11140590
1001212,2020,4,139,156,11110580
1001213,2020,4,604,724,11110615
1001214,2020,4,111,124,11110615
1001215,2020,4,322,354,11110530
1001216,2020,4,412,460,11110615
1001217,2020,4,80,82,11110630
1001218,2020,4,178,182,11110630
1001219,2020,4,61,65,11110680
1001220,2020,4,859,876,11110670
1001221,2020,4,603,684,11230660
1001222,2020,4,152,160,11110670
1001223,2020,4,1256,1349,11110530
1001224,2020,4,112,119,11230536
1001225,2020,4,144,155,11110710
1001226,2020,4,593,642,11110630
1001227,2020,4,1759,1887,11110615
1001228,2020,4,499,530,11110630
1001229,2020,4,302,309,11110615
1001230,2020,4,1954,2035,11110615
1001231,2020,4,227,248,11230536
1001232,2020,4,1164,1228,11110615
1001233,2020,4,1177,1187,11110615
1001234,2020,4,199,224,11110530
1001235,2020,4,127,146,11110600
1001236,2020,4,126,143,11110540
1001237,2020,4,180,194,11110530
1001238,2020,4,719,767,11230560
1001239,2020,4,542,695,11440740
1001240,2020,4,295,371,11110640
1001241,2020,4,135,152,11110650
1001242,2020,4,463,542,11110650
1001243,2020,4,111,135,11290600
1001244,2020,4,215,264,11230710
1001245,2020,4,631,748,11290575
1001246,2020,4,52,60,11290715
1001247,2020,4,229,243,11290685
1001248,2020,4,510,547,11380570
1001249,2020,4,135,143,11380520
1001250,2020,4,217,228,11380570
1001251,2020,4,399,459,11305545
1001252,2020,4,207,241,11290685
1001253,2020,4,113,121,11380570
1001254,2020,4,590,702,11380551
1001255,2020,4,75,79,11380530
1001256,2020,4,326,363,11305590
1001257,2020,4,561,651,11305630
1001258,2020,4,348,387,11350625
1001259,2020,4,268,283,11305630
1001260,2020,4,616,691,11320514
1001261,2020,4,238,276,11350695
1001262,2020,4,159,181,11350695
1001263,2020,4,1017,1168,11350640
1001264,2020,4,139,140,11110515
1001265,2020,4,516,519,11110615
1001266,2020,4,371,384,11110630
1001267,2020,4,304,306,11110630
1001268,2020,4,41,42,11110630
1001269,2020,4,35,36,11110670
1001270,2020,4,133,136,11110680
1001271,2020,4,197,203,11110710
1001272,2020,4,15,15,11110710
1001273,2020,4,3652,3713,11140540
1001274,2020,4,698,703,11140590
1001275,2020,4,132,135,11140590
1001276,2020,4,1802,1851,11140590
1001277,2020,4,531,539,11140605
1001278,2020,4,198,198,11140615
1001279,2020,4,1563,1574,11140615
1001280,2020,4,956,962,11140615
1001281,2020,4,886,888,11140615
1001282,2020,4,184,194,11140635
1001283,2020,4,141,150,11140650
1001284,2020,4,286,291,11140670
1001285,2020,4,43,44,11140680
1001286,2020,4,43,45,11170510
1001287,2020,4,65,67,11170520
1001288,2020,4,48,50,11170555
1001289,2020,4,171,182,11170590
1001290,2020,4,112,127,11170630
1001291,2020,4,167,171,11170650
1001292,2020,4,11,11,11170660
1001293,2020,4,22,23,11170700
1001294,2020,4,913,915,11200540
1001295,2020,4,249,275,11200560
1001296,2020,4,94,96,11200615
1001297,2020,4,168,174,11200670
1001298,2020,4,151,174,11200790
1001299,2020,4,30,36,11215710
1001300,2020,4,86,93,11215710
1001301,2020,4,225,230,11215740
1001302,2020,4,39,39,11215760
1001303,2020,4,78,83,11215770
1001304,2020,4,157,165,11215820
1001305,2020,4,13,13,11215830
1001306,2020,4,74,76,11215847
1001307,2020,4,48,49,11215840
1001308,2020,4,68,70,11215847
1001309,2020,4,26,26,11215847
1001310,2020,4,11,11,11215860
1001311,2020,4,23,23,11230536
1001312,2020,4,11,11,11230536
1001313,2020,4,116,117,11230536
1001314,2020,4,435,435,11230545
1001315,2020,4,65,65,11230545
1001316,2020,4,579,587,11230545
1001317,2020,4,28,28,11230545
1001318,2020,4,61,61,11230545
1001319,2020,4,130,130,11230545
1001320,2020,4,97,105,11230560
1001321,2020,4,71,71,11230610
1001322,2020,4,26,28,11230600
1001323,2020,4,128,141,11230610
1001324,2020,4,44,49,11230660
1001325,2020,4,163,164,11230545
1001326,2020,4,144,156,11230710
1001327,2020,4,29,30,11230720
1001328,2020,4,28,29,11230750
1001329,2020,4,315,356,11260590
1001330,2020,4,408,435,11260565
1001331,2020,4,160,162,11260570
1001332,2020,4,237,258,11260575
1001333,2020,4,97,101,11260630
1001334,2020,4,86,87,11260610
1001335,2020,4,74,81,11260620
1001336,2020,4,361,376,11260655
1001337,2020,4,5,5,11260660
1001338,2020,4,143,148,11290555
1001339,2020,4,69,73,11290630
1001340,2020,4,223,241,11290640
1001341,2020,4,96,98,11290660
1001342,2020,4,23,23,11290715
1001343,2020,4,120,123,11290770
1001344,2020,4,2,2,11290780
1001345,2020,4,18,18,11290810
1001346,2020,4,13,14,11290810
1001347,2020,4,103,108,11290810
1001348,2020,4,66,69,11305534
1001349,2020,4,210,234,11305545
1001350,2020,4,164,180,11305555
1001351,2020,4,119,122,11305575
1001352,2020,4,119,122,11305590
1001353,2020,4,333,335,11305610
1001354,2020,4,118,123,11305620
1001355,2020,4,118,119,11305630
1001356,2020,4,22,24,11305630
1001357,2020,4,120,125,11305645
1001358,2020,4,6,6,11305660
1001359,2020,4,187,201,11320512
1001360,2020,4,158,166,11320513
1001361,2020,4,36,41,11320521
1001362,2020,4,27,29,11320660
1001363,2020,4,70,73,11320680
1001364,2020,4,183,189,11320700
1001365,2020,4,240,252,11350595
1001366,2020,4,2,2,11350665
1001367,2020,4,218,229,11350670
1001368,2020,4,222,234,11380530
1001369,2020,4,30,33,11380551
1001370,2020,4,17,17,11380552
1001371,2020,4,61,63,11380570
1001372,2020,4,13,14,11380580
1001373,2020,4,54,58,11380590
1001374,2020,4,178,179,11380600
1001375,2020,4,44,46,11380640
1001376,2020,4,56,58,11380650
1001377,2020,4,136,143,11410520
1001378,2020,4,82,85,11410555
1001379,2020,4,194,199,11410640
1001380,2020,4,67,75,11410660
1001381,2020,4,62,62,11410690
1001382,2020,4,18,18,11410700
1001383,2020,4,112,117,11440555
1001384,2020,4,41,42,11440555
1001385,2020,4,197,205,11440555
1001386,2020,4,30,32,11440630
1001387,2020,4,37,41,11440660
1001388,2020,4,12,12,11440660
1001389,2020,4,6,8,11440680
1001390,2020,4,142,145,11440690
1001391,2020,4,132,141,11440700
1001392,2020,4,46,47,11440710
1001393,2020,4,147,147,11440730
1001394,2020,4,185,200,11470520
1001395,2020,4,300,319,11470530
1001396,2020,4,94,98,11470540
1001397,2020,4,245,250,11470560
1001398,2020,4,67,69,11470560
1001399,2020,4,76,79,11470570
1001400,2020,4,33,33,11470580
1001401,2020,4,4,4,11470610
1001402,2020,4,115,121,11470610
1001403,2020,4,54,56,11470611
1001404,2020,4,84,87,11470620
1001405,2020,4,31,31,11470630
1001406,2020,4,151,167,11470640
1001407,2020,4,8,8,11500520
1001408,2020,4,32,35,11500535
1001409,2020,4,131,139,11500540
1001410,2020,4,18,18,11500560
1001411,2020,4,307,317,11500570
1001412,2020,4,143,155,11500590
1001413,2020,4,270,294,11500593
1001414,2020,4,189,215,11500611
1001415,2020,4,173,178,11500630
1001416,2020,4,16,18,11500640
1001417,2020,4,76,79,11530550
1001418,2020,4,286,288,11530550
1001419,2020,4,91,92,11530595
1001420,2020,4,183,188,11530730
1001421,2020,4,23,26,11530750
1001422,2020,4,81,90,11530770
1001423,2020,4,278,281,11545610
1001424,2020,4,211,213,11545630
1001425,2020,4,2,2,11545630
1001426,2020,4,73,79,11545670
1001427,2020,4,323,343,11545670
1001428,2020,4,3,3,11545690
1001429,2020,4,76,89,11545710
1001430,2020,4,1753,1922,11560535
1001431,2020,4,122,123,11560550
1001432,2020,4,16,16,11560585
1001433,2020,4,170,171,11560605
1001434,2020,4,3,3,11560610
1001435,2020,4,56,57,11560630
1001436,2020,4,59,63,11560650
1001437,2020,4,32,35,11560680
1001438,2020,4,58,59,11560700
1001439,2020,4,49,49,11560710
1001440,2020,4,121,157,11590510
1001441,2020,4,93,97,11590510
1001442,2020,4,22,23,11590520
1001443,2020,4,18,20,11590530
1001444,2020,4,177,199,11590530
1001445,2020,4,27,29,11590540
1001446,2020,4,128,135,11590550
1001447,2020,4,135,147,11590560
1001448,2020,4,261,275,11590605
1001449,2020,4,297,326,11590630
1001450,2020,4,190,211,11590650
1001451,2020,4,31,31,11590650
1001452,2020,4,174,183,11620575
1001453,2020,4,69,76,11620585
1001454,2020,4,45,46,11620595
1001455,2020,4,66,69,11620605
1001456,2020,4,22,24,11620605
1001457,2020,4,53,60,11620615
1001458,2020,4,215,230,11620625
1001459,2020,4,253,259,11620655
1001460,2020,4,167,174,11620685
1001461,2020,4,17,17,11620685
1001462,2020,4,61,61,11620725
1001463,2020,4,40,40,11620725
1001464,2020,4,70,71,11620745
1001465,2020,4,10,10,11620745
1001466,2020,4,110,119,11620765
1001467,2020,4,46,50,11620775
1001468,2020,4,30,30,11650590
1001469,2020,4,47,55,11650651
1001470,2020,4,48,53,11680510
1001471,2020,4,227,237,11680521
1001472,2020,4,19,19,11680531
1001473,2020,4,91,92,11680565
1001474,2020,4,109,115,11680650
1001475,2020,4,134,153,11680670
1001476,2020,4,83,84,11710510
1001477,2020,4,231,240,11710550
1001478,2020,4,371,403,11710562
1001479,2020,4,165,177,11710600
1001480,2020,4,308,331,11710650
1001481,2020,4,95,99,11740530
1001482,2020,4,118,138,11740560
1001483,2020,4,173,189,11740570
1001484,2020,4,69,77,11740590
1001485,2020,4,69,71,11740600
1001486,2020,4,12,12,11740610
1001487,2020,4,61,62,11740610
1001488,2020,4,107,113,11740650
1001489,2020,4,261,276,11740660
1001490,2020,4,270,281,11740685
1001491,2020,4,1654,1739,11170650
1001492,2020,4,8570,9207,11140520
1001493,2020,4,12758,12971,11140590
1001494,2020,4,5191,5427,11110615
1001495,2020,4,2238,2479,11710566
1001496,2020,4,862,965,11680580
