사용본거지법정동명,동별 총 대수,휘발유,경유,엘피지,전기,휘발유(유연),휘발유(무연),CNG,수소,기타연료,하이브리드
서울특별시 종로구 청운동,768,212,241,22,9,1,238,0,0,2,43
서울특별시 종로구 신교동,362,92,116,25,3,0,108,0,1,0,17
서울특별시 종로구 궁정동,40,6,12,2,0,0,15,0,0,0,5
서울특별시 종로구 효자동,185,60,63,4,1,0,47,0,0,0,10
서울특별시 종로구 창성동,162,39,62,2,1,0,51,0,0,0,7
서울특별시 종로구 통의동,126,25,44,7,0,0,41,0,1,0,8
서울특별시 종로구 적선동,168,40,77,5,1,0,39,0,0,0,6
서울특별시 종로구 통인동,190,48,55,13,0,0,64,0,0,0,10
서울특별시 종로구 누상동,790,179,254,63,6,0,250,0,1,2,35
서울특별시 종로구 누하동,219,42,94,15,1,0,57,0,0,0,10
서울특별시 종로구 옥인동,591,125,181,30,7,1,203,0,1,18,25
서울특별시 종로구 체부동,158,37,54,12,0,0,47,0,0,0,8
서울특별시 종로구 필운동,309,61,117,11,1,0,106,0,0,1,12
서울특별시 종로구 내자동,3213,118,1851,3,64,0,1109,0,5,5,58
서울특별시 종로구 사직동,1065,319,299,32,9,1,336,0,3,1,65
서울특별시 종로구 도렴동,117,22,31,0,0,0,56,0,0,1,7
서울특별시 종로구 당주동,291,75,86,12,1,0,102,0,0,5,10
서울특별시 종로구 내수동,1210,373,336,18,11,2,354,0,1,51,64
서울특별시 종로구 세종로,384,49,146,1,14,0,138,0,13,0,23
서울특별시 종로구 신문로1가,828,124,291,15,8,0,333,2,0,0,55
서울특별시 종로구 신문로2가,499,81,239,15,14,0,126,0,0,0,24
서울특별시 종로구 청진동,237,78,43,4,0,0,102,0,0,0,10
서울특별시 종로구 서린동,318,23,176,9,4,0,91,0,2,1,12
서울특별시 종로구 수송동,744,110,340,14,33,0,172,19,2,24,30
서울특별시 종로구 중학동,70,19,24,0,0,0,20,0,0,0,7
서울특별시 종로구 종로1가,287,53,133,15,0,0,77,0,0,0,9
서울특별시 종로구 공평동,146,48,29,0,3,0,57,0,1,0,8
서울특별시 종로구 관훈동,165,43,74,5,1,0,34,0,1,2,5
서울특별시 종로구 견지동,231,72,71,6,0,0,67,0,0,0,15
서울특별시 종로구 와룡동,87,19,41,3,1,0,19,0,0,0,4
서울특별시 종로구 권농동,67,15,16,11,2,0,22,0,0,0,1
서울특별시 종로구 운니동,155,34,90,4,1,0,22,0,0,0,4
서울특별시 종로구 익선동,303,81,110,14,0,0,89,0,0,0,9
서울특별시 종로구 경운동,215,36,86,8,1,0,80,0,0,0,4
서울특별시 종로구 관철동,455,38,54,32,46,0,80,0,0,1,204
서울특별시 종로구 인사동,231,62,81,3,1,0,80,0,0,1,3
서울특별시 종로구 낙원동,292,80,117,14,2,0,66,0,1,0,12
서울특별시 종로구 종로2가,196,31,82,27,0,0,54,0,0,0,2
서울특별시 종로구 팔판동,92,21,28,7,2,0,32,0,0,0,2
서울특별시 종로구 삼청동,399,108,134,21,4,0,115,0,0,2,15
서울특별시 종로구 안국동,140,33,59,3,0,0,41,0,0,0,4
서울특별시 종로구 소격동,52,14,19,1,0,0,15,0,0,0,3
서울특별시 종로구 화동,50,15,19,1,0,0,14,0,0,0,1
서울특별시 종로구 사간동,60,14,21,6,2,0,14,0,0,1,2
서울특별시 종로구 송현동,2,0,1,0,0,0,1,0,0,0,0
서울특별시 종로구 가회동,299,92,96,10,8,0,79,0,0,1,13
서울특별시 종로구 재동,175,13,105,0,0,0,56,0,0,0,1
서울특별시 종로구 계동,339,62,153,18,5,0,85,0,6,0,10
서울특별시 종로구 원서동,448,107,157,24,1,0,135,1,1,0,22
서울특별시 종로구 훈정동,1,0,1,0,0,0,0,0,0,0,0
서울특별시 종로구 묘동,83,21,27,4,1,0,26,0,0,1,3
서울특별시 종로구 봉익동,96,18,45,1,0,0,28,1,0,0,3
서울특별시 종로구 돈의동,187,24,93,17,1,0,47,0,0,0,5
서울특별시 종로구 장사동,302,59,148,6,3,0,76,0,0,0,10
서울특별시 종로구 관수동,194,42,96,5,1,0,45,0,0,0,5
서울특별시 종로구 종로3가,78,24,32,1,0,0,17,1,0,0,3
서울특별시 종로구 인의동,453,127,154,9,6,0,136,0,1,1,19
서울특별시 종로구 예지동,72,10,31,3,0,0,24,0,0,0,4
서울특별시 종로구 원남동,258,27,155,9,1,0,61,0,0,0,5
서울특별시 종로구 연지동,420,85,191,26,3,0,104,0,0,1,10
서울특별시 종로구 종로4가,30,10,7,3,1,0,9,0,0,0,0
서울특별시 종로구 효제동,228,53,98,13,0,0,57,0,0,0,7
서울특별시 종로구 종로5가,101,25,28,6,0,0,36,1,0,1,4
서울특별시 종로구 종로6가,466,65,252,24,4,0,105,0,1,4,11
서울특별시 종로구 이화동,470,101,175,31,12,0,136,1,0,5,9
서울특별시 종로구 연건동,349,74,149,11,0,0,93,0,2,0,20
서울특별시 종로구 충신동,601,112,229,63,1,0,175,0,0,0,21
서울특별시 종로구 동숭동,894,202,291,55,11,0,312,0,0,1,22
서울특별시 종로구 혜화동,819,174,229,50,3,0,242,82,0,0,39
서울특별시 종로구 명륜1가,926,222,306,61,4,0,302,0,1,1,29
서울특별시 종로구 명륜2가,754,191,198,41,6,1,277,0,0,2,38
서울특별시 종로구 명륜4가,174,34,71,7,1,0,54,0,0,0,7
서울특별시 종로구 명륜3가,861,178,305,82,7,0,255,0,0,2,32
서울특별시 종로구 창신동,4311,812,1691,325,17,0,1329,5,1,7,124
서울특별시 종로구 숭인동,3737,801,1386,274,14,0,1149,2,0,6,105
서울특별시 종로구 교남동,227,69,51,8,2,0,79,0,0,1,17
서울특별시 종로구 평동,595,154,187,12,10,0,179,0,1,5,47
서울특별시 종로구 송월동,346,110,88,7,4,0,117,0,0,0,20
서울특별시 종로구 홍파동,566,169,149,18,5,0,174,0,1,2,48
서울특별시 종로구 교북동,302,97,91,7,3,0,85,0,0,1,18
서울특별시 종로구 행촌동,882,172,304,75,5,0,280,4,0,2,40
서울특별시 종로구 구기동,1979,571,609,73,13,0,579,1,1,6,126
서울특별시 종로구 평창동,4592,1456,1396,141,48,1,1258,0,3,11,278
서울특별시 종로구 부암동,1480,394,462,65,14,0,462,0,2,5,76
서울특별시 종로구 홍지동,522,138,160,22,0,0,176,0,0,0,26
서울특별시 종로구 신영동,1157,262,420,60,11,1,342,0,0,1,60
서울특별시 종로구 무악동,2834,631,973,170,17,1,862,0,6,3,171
서울특별시 중구 무교동,218,73,60,12,4,0,59,0,0,0,10
서울특별시 중구 다동,232,57,73,2,3,0,56,0,0,1,40
서울특별시 중구 태평로1가,1029,51,464,251,70,0,153,5,7,1,27
서울특별시 중구 을지로1가,125,30,53,3,1,0,33,0,1,1,3
서울특별시 중구 을지로2가,1036,176,476,67,33,0,143,0,0,87,54
서울특별시 중구 남대문로1가,17,2,8,0,0,0,6,0,0,0,1
서울특별시 중구 삼각동,166,65,51,1,0,0,29,0,0,0,20
서울특별시 중구 수하동,196,53,61,1,5,0,45,0,0,2,29
서울특별시 중구 장교동,157,42,50,1,0,0,54,0,0,4,6
서울특별시 중구 수표동,426,63,226,19,22,0,87,0,1,0,8
서울특별시 중구 소공동,482,135,142,2,0,0,182,0,0,1,20
서울특별시 중구 남창동,247,55,115,13,0,0,61,0,0,0,3
서울특별시 중구 북창동,241,58,92,10,0,0,59,0,0,9,13
서울특별시 중구 태평로2가,412,48,59,3,216,0,78,0,1,2,5
서울특별시 중구 남대문로2가,314,10,270,1,0,0,29,0,0,3,1
서울특별시 중구 남대문로3가,37,4,14,0,0,0,7,0,0,0,12
서울특별시 중구 남대문로4가,135,28,42,0,0,0,63,0,0,0,2
서울특별시 중구 남대문로5가,10328,5474,4010,10,131,0,201,0,1,3,498
서울특별시 중구 봉래동1가,167,19,107,3,0,0,30,0,1,1,6
서울특별시 중구 봉래동2가,50,2,34,3,1,0,6,0,0,0,4
서울특별시 중구 회현동1가,1172,327,442,41,13,1,289,0,1,1,57
서울특별시 중구 회현동2가,1731,700,795,8,11,0,126,0,0,4,87
서울특별시 중구 회현동3가,47,9,19,0,0,0,19,0,0,0,0
서울특별시 중구 충무로1가,165,37,73,11,0,0,40,0,1,0,3
서울특별시 중구 충무로2가,339,113,99,11,3,0,100,1,0,1,11
서울특별시 중구 명동1가,82,15,34,2,1,0,29,0,0,0,1
서울특별시 중구 명동2가,468,57,301,11,4,0,84,0,0,0,11
서울특별시 중구 남산동1가,90,11,34,8,6,0,25,0,0,0,6
서울특별시 중구 남산동2가,223,47,91,9,0,1,65,2,0,0,8
서울특별시 중구 남산동3가,50,14,20,0,0,0,12,0,0,1,3
서울특별시 중구 저동1가,76,17,15,2,0,0,40,0,0,0,2
서울특별시 중구 충무로4가,618,166,213,21,3,0,179,0,0,0,36
서울특별시 중구 충무로5가,273,77,101,6,4,0,73,0,0,0,12
서울특별시 중구 인현동2가,183,42,73,16,0,0,43,0,0,1,8
서울특별시 중구 예관동,246,30,134,8,29,0,32,7,0,1,5
서울특별시 중구 묵정동,310,65,130,16,1,0,88,0,0,0,10
서울특별시 중구 필동1가,159,54,50,5,0,0,44,0,0,0,6
서울특별시 중구 필동2가,499,112,174,22,5,1,159,1,0,4,21
서울특별시 중구 필동3가,376,77,133,26,3,0,118,0,0,1,18
서울특별시 중구 남학동,19,4,8,0,0,0,7,0,0,0,0
서울특별시 중구 주자동,46,12,17,4,0,0,13,0,0,0,0
서울특별시 중구 예장동,357,66,146,22,18,0,83,0,1,3,18
서울특별시 중구 장충동1가,576,136,202,40,9,0,167,0,2,3,17
서울특별시 중구 장충동2가,758,128,315,65,16,0,202,0,1,7,24
서울특별시 중구 광희동1가,232,38,109,16,1,0,61,0,1,0,6
서울특별시 중구 광희동2가,232,37,98,22,0,0,67,0,0,3,5
서울특별시 중구 쌍림동,300,61,128,24,3,0,74,1,0,0,9
서울특별시 중구 을지로6가,250,61,112,10,2,0,50,0,2,1,12
서울특별시 중구 을지로7가,49,15,18,3,0,0,8,0,0,5,0
서울특별시 중구 을지로4가,138,41,57,3,1,0,29,0,0,1,6
서울특별시 중구 을지로5가,216,47,102,12,2,0,44,0,0,0,9
서울특별시 중구 주교동,169,40,79,5,0,0,42,0,0,1,2
서울특별시 중구 방산동,42,4,26,1,1,0,10,0,0,0,0
서울특별시 중구 오장동,304,60,136,34,0,0,68,0,0,0,6
서울특별시 중구 을지로3가,410,98,186,15,0,0,97,0,1,0,13
서울특별시 중구 입정동,141,17,79,10,1,0,32,0,0,0,2
서울특별시 중구 산림동,170,36,88,5,1,0,38,0,0,0,2
서울특별시 중구 충무로3가,261,49,86,9,4,0,99,0,2,0,12
서울특별시 중구 초동,153,20,65,5,0,0,59,0,0,0,4
서울특별시 중구 인현동1가,118,16,65,7,0,0,27,2,0,0,1
서울특별시 중구 저동2가,209,51,75,5,2,0,70,0,0,0,6
서울특별시 중구 신당동,20224,4445,7303,1593,120,5,5980,4,10,46,718
서울특별시 중구 흥인동,752,217,271,22,2,0,219,0,0,1,20
서울특별시 중구 무학동,128,20,67,4,11,0,20,0,0,1,5
서울특별시 중구 황학동,3456,793,1373,145,27,1,983,0,2,10,122
서울특별시 중구 서소문동,1280,121,939,36,12,0,135,1,0,25,11
서울특별시 중구 정동,375,79,169,13,3,0,95,0,1,0,15
서울특별시 중구 순화동,1297,234,473,37,12,0,427,1,0,48,65
서울특별시 중구 의주로1가,74,25,26,1,0,0,20,0,0,0,2
서울특별시 중구 충정로1가,28,6,15,0,0,0,7,0,0,0,0
서울특별시 중구 중림동,1805,428,647,94,14,1,553,0,0,0,68
서울특별시 중구 의주로2가,3,0,2,0,0,0,1,0,0,0,0
서울특별시 중구 만리동1가,533,107,237,15,5,0,133,9,0,0,27
서울특별시 중구 만리동2가,1532,405,443,60,17,1,500,1,2,5,98
서울특별시 용산구 도동1가,2,2,0,0,0,0,0,0,0,0,0
서울특별시 용산구 후암동,4040,910,1454,283,32,1,1227,9,3,1,120
서울특별시 용산구 용산동2가,2144,507,749,182,14,1,633,1,1,1,55
서울특별시 용산구 용산동4가,4,1,0,0,0,0,3,0,0,0,0
서울특별시 용산구 갈월동,1358,378,508,56,8,0,269,0,1,4,134
서울특별시 용산구 남영동,265,56,108,12,1,0,72,0,0,12,4
서울특별시 용산구 용산동1가,9,3,2,0,2,0,2,0,0,0,0
서울특별시 용산구 동자동,965,253,339,44,6,0,271,0,0,7,45
서울특별시 용산구 서계동,1266,220,509,132,4,0,369,0,1,2,29
서울특별시 용산구 청파동1가,1665,334,617,95,8,0,545,0,0,5,61
서울특별시 용산구 청파동2가,622,117,224,47,6,0,207,0,0,0,21
서울특별시 용산구 청파동3가,741,140,267,53,3,1,253,0,1,2,21
서울특별시 용산구 원효로1가,2092,484,790,95,22,0,612,3,1,4,81
서울특별시 용산구 원효로2가,754,146,313,45,2,1,223,0,0,0,24
서울특별시 용산구 신창동,631,130,223,42,3,1,200,0,0,1,31
서울특별시 용산구 산천동,1680,421,528,97,7,1,538,0,0,1,87
서울특별시 용산구 청암동,286,110,64,2,2,0,87,0,0,1,20
서울특별시 용산구 원효로3가,1092,182,597,46,7,0,226,0,1,1,32
서울특별시 용산구 원효로4가,1369,293,492,76,22,0,415,4,1,2,64
서울특별시 용산구 효창동,3112,708,1128,169,12,0,921,0,7,3,164
서울특별시 용산구 도원동,1677,410,509,87,11,1,583,0,0,2,74
서울특별시 용산구 용문동,1728,351,648,115,13,1,528,0,2,1,69
서울특별시 용산구 문배동,2212,643,788,52,27,1,565,0,1,3,132
서울특별시 용산구 신계동,1203,289,435,52,9,0,344,0,2,3,69
서울특별시 용산구 한강로1가,3651,1775,562,53,15,3,1070,1,0,89,83
서울특별시 용산구 한강로2가,3373,891,1247,135,28,2,902,2,2,4,160
서울특별시 용산구 용산동3가,199,29,68,9,2,0,80,0,1,0,10
서울특별시 용산구 용산동5가,1091,396,287,12,8,1,313,0,1,1,72
서울특별시 용산구 한강로3가,4086,1178,1460,118,45,1,1030,2,1,36,215
서울특별시 용산구 이촌동,16134,6317,3798,360,258,1,4385,1,12,20,982
서울특별시 용산구 이태원동,4857,1318,1599,275,68,0,1387,6,6,7,191
서울특별시 용산구 한남동,7530,2358,2526,297,98,1,1898,0,3,28,321
서울특별시 용산구 동빙고동,2133,483,686,152,15,0,684,0,0,5,108
서울특별시 용산구 서빙고동,2207,738,628,52,8,0,625,0,2,2,152
서울특별시 용산구 주성동,271,61,95,22,1,0,75,0,0,1,16
서울특별시 용산구 용산동6가,57,3,49,0,0,0,4,0,0,0,1
서울특별시 용산구 보광동,3087,692,1113,269,14,1,883,0,1,3,111
서울특별시 성동구 상왕십리동,1196,294,424,41,5,0,364,0,0,10,58
서울특별시 성동구 하왕십리동,9230,2181,3079,446,56,3,2974,1,8,18,464
서울특별시 성동구 홍익동,1032,205,445,59,6,0,289,10,0,0,18
서울특별시 성동구 도선동,1155,232,452,72,3,1,349,1,1,1,43
서울특별시 성동구 마장동,8493,1206,3738,1127,102,2,2071,4,3,14,226
서울특별시 성동구 사근동,1194,228,468,129,2,0,325,0,1,0,41
서울특별시 성동구 행당동,11999,2823,3838,612,122,4,3912,13,4,37,634
서울특별시 성동구 응봉동,4603,1087,1515,245,18,2,1472,0,0,11,253
서울특별시 성동구 금호동1가,4842,1107,1559,361,23,5,1531,2,3,16,235
서울특별시 성동구 금호동2가,2960,742,1020,137,22,4,874,1,1,5,154
서울특별시 성동구 금호동3가,3292,775,1135,210,14,1,1026,0,1,4,126
서울특별시 성동구 금호동4가,4545,1226,1485,210,39,2,1301,0,2,15,265
서울특별시 성동구 옥수동,8828,2568,2706,274,69,9,2628,11,6,28,529
서울특별시 성동구 성수동1가,17735,2512,5068,997,616,2,7599,318,9,123,491
서울특별시 성동구 성수동2가,15634,2718,6263,1523,133,2,4362,94,9,27,503
서울특별시 성동구 송정동,2839,497,1145,274,14,1,820,1,0,6,81
서울특별시 성동구 용답동,7437,1342,2831,1080,41,8,1973,2,1,6,153
서울특별시 광진구 중곡동,21656,3743,8453,2166,84,7,6560,18,4,27,594
서울특별시 광진구 능동,3001,608,1082,227,16,2,953,0,1,6,106
서울특별시 광진구 구의동,22682,4789,7850,1657,103,9,7319,6,15,38,896
서울특별시 광진구 광장동,11738,3181,3489,416,54,2,3838,6,4,26,722
서울특별시 광진구 자양동,30367,6196,12164,2141,163,9,8425,156,8,41,1064
서울특별시 광진구 노유동,1,1,0,0,0,0,0,0,0,0,0
서울특별시 광진구 화양동,4054,870,1341,390,25,0,1296,1,3,7,121
서울특별시 광진구 군자동,5059,955,1901,510,26,3,1492,1,4,8,159
서울특별시 동대문구 신설동,1377,262,599,85,2,0,398,0,0,2,29
서울특별시 동대문구 용두동,8448,1542,3504,591,62,7,2454,10,2,18,258
서울특별시 동대문구 제기동,6464,1270,2564,519,23,0,1896,2,1,9,180
서울특별시 동대문구 전농동,13211,2644,4731,1098,77,5,4120,2,7,23,504
서울특별시 동대문구 답십리동,18212,3593,6606,1518,102,6,5650,11,6,34,686
서울특별시 동대문구 장안동,23722,4525,9056,2226,104,7,6961,3,14,62,764
서울특별시 동대문구 청량리동,5169,1015,1858,569,33,0,1538,0,3,6,147
서울특별시 동대문구 회기동,2100,437,708,159,9,2,702,0,3,5,75
서울특별시 동대문구 휘경동,10241,1943,3738,917,43,2,3197,16,5,19,361
서울특별시 동대문구 이문동,9446,1888,3314,838,39,3,3019,2,5,27,311
서울특별시 중랑구 면목동,37557,6376,14560,3951,165,12,11192,250,15,42,994
서울특별시 중랑구 상봉동,13686,2269,4929,1487,71,8,4449,5,4,25,439
서울특별시 중랑구 중화동,11853,2031,4594,1280,50,3,3618,0,5,18,254
서울특별시 중랑구 묵동,16419,3073,6243,1464,61,3,5057,3,4,29,482
서울특별시 중랑구 망우동,15048,2111,5621,2930,95,5,3948,7,6,18,307
서울특별시 중랑구 신내동,19733,3280,7210,2338,137,5,5957,112,7,56,631
서울특별시 성북구 성북동,3355,925,1057,176,32,1,1005,1,2,4,152
서울특별시 성북구 성북동1가,385,102,122,13,4,0,128,0,0,2,14
서울특별시 성북구 돈암동,12033,2876,3625,686,66,3,4144,1,4,33,595
서울특별시 성북구 동소문동1가,248,55,96,11,2,0,72,0,0,2,10
서울특별시 성북구 동소문동2가,109,23,40,13,1,0,28,0,0,1,3
서울특별시 성북구 동소문동3가,50,8,25,5,0,0,12,0,0,0,0
서울특별시 성북구 동소문동4가,819,182,255,60,5,0,291,0,0,2,24
서울특별시 성북구 동소문동5가,341,75,146,14,1,0,93,0,1,0,11
서울특별시 성북구 동소문동6가,466,82,227,29,0,0,121,1,0,0,6
서울특별시 성북구 동소문동7가,690,170,208,31,1,0,241,0,0,2,37
서울특별시 성북구 삼선동1가,847,191,293,73,3,1,264,0,0,1,21
서울특별시 성북구 삼선동2가,1668,376,587,79,6,1,541,0,1,5,72
서울특별시 성북구 삼선동3가,1050,225,400,56,7,0,314,0,0,3,45
서울특별시 성북구 삼선동4가,714,143,229,59,2,0,247,0,2,0,32
서울특별시 성북구 삼선동5가,974,151,425,46,35,0,283,15,0,2,17
서울특별시 성북구 동선동1가,223,48,80,17,2,0,71,0,0,0,5
서울특별시 성북구 동선동2가,359,77,130,27,3,0,111,8,0,0,3
서울특별시 성북구 동선동3가,511,102,190,38,0,0,163,0,0,1,17
서울특별시 성북구 동선동4가,560,109,207,44,1,0,179,0,0,2,18
서울특별시 성북구 동선동5가,458,90,155,37,1,0,163,0,0,0,12
서울특별시 성북구 안암동1가,873,192,276,63,6,1,281,0,0,4,50
서울특별시 성북구 안암동2가,390,59,139,45,2,0,133,0,0,0,12
서울특별시 성북구 안암동3가,917,179,338,73,0,0,306,0,0,1,20
서울특별시 성북구 안암동4가,321,55,136,20,0,0,101,0,0,0,9
서울특별시 성북구 안암동5가,622,121,240,43,2,1,198,0,0,2,15
서울특별시 성북구 보문동4가,356,65,169,17,7,0,89,0,0,0,9
서울특별시 성북구 보문동5가,450,69,221,37,2,0,115,0,0,0,6
서울특별시 성북구 보문동6가,1746,364,632,92,12,0,569,0,1,8,68
서울특별시 성북구 보문동7가,305,58,140,11,1,0,87,0,0,0,8
서울특별시 성북구 보문동1가,96,16,41,9,0,0,27,0,0,0,3
서울특별시 성북구 보문동2가,630,97,183,199,5,0,135,0,1,0,10
서울특별시 성북구 보문동3가,844,220,261,36,4,0,277,0,2,1,43
서울특별시 성북구 정릉동,23462,4413,7907,2040,185,6,7385,607,9,47,863
서울특별시 성북구 길음동,14661,3275,4526,847,87,9,5199,14,7,33,664
서울특별시 성북구 종암동,10743,2226,3867,795,58,3,3337,1,3,26,427
서울특별시 성북구 하월곡동,11644,2388,4174,851,57,2,3711,2,6,28,425
서울특별시 성북구 상월곡동,2586,441,977,249,16,0,823,0,3,2,75
서울특별시 성북구 장위동,14994,2761,5664,1334,86,7,4592,11,6,27,506
서울특별시 성북구 석관동,9789,1655,3749,1015,45,4,2938,84,4,13,282
서울특별시 강북구 미아동,33095,6075,11969,3038,151,9,10711,11,10,68,1053
서울특별시 강북구 번동,12991,2102,4596,1824,89,3,3844,222,3,15,293
서울특별시 강북구 수유동,26223,4476,9868,2790,146,8,7969,294,6,29,637
서울특별시 강북구 우이동,3263,608,1190,289,14,1,925,146,1,1,88
서울특별시 도봉구 쌍문동,20735,3603,7450,2283,87,7,6703,15,2,33,552
서울특별시 도봉구 방학동,23568,4008,8141,3414,185,9,7145,11,5,50,600
서울특별시 도봉구 창동,36270,6670,12570,3672,170,14,11843,35,14,60,1222
서울특별시 도봉구 도봉동,15097,2587,5440,1873,70,5,4396,289,4,23,410
서울특별시 노원구 월계동,23740,4270,8102,2688,104,10,7601,144,6,49,766
서울특별시 노원구 공릉동,23406,4233,7997,2568,104,4,7485,66,17,56,876
서울특별시 노원구 하계동,13853,2796,4349,1157,55,3,4883,4,6,20,580
서울특별시 노원구 상계동,60809,11063,19723,7255,341,23,19975,383,16,89,1941
서울특별시 노원구 중계동,30609,6149,9881,2741,121,10,10389,10,10,63,1235
서울특별시 은평구 수색동,3996,834,1266,300,20,0,1228,165,5,8,170
서울특별시 은평구 녹번동,10478,2048,3683,721,87,4,3462,18,7,14,434
서울특별시 은평구 불광동,16876,3489,5603,1362,64,8,5725,1,7,20,597
서울특별시 은평구 갈현동,13170,2559,4622,1178,41,4,4379,1,4,24,358
서울특별시 은평구 구산동,9384,1652,3241,913,41,2,2945,295,5,14,276
서울특별시 은평구 대조동,6012,1239,2128,544,18,0,1917,0,5,5,156
서울특별시 은평구 응암동,23504,4761,8119,1804,126,14,7737,2,12,38,891
서울특별시 은평구 역촌동,12220,2308,4397,1104,49,2,3969,2,6,17,366
서울특별시 은평구 신사동,14357,2361,4737,2457,79,4,4267,7,18,20,407
서울특별시 은평구 증산동,4660,798,1646,679,25,2,1354,2,6,10,138
서울특별시 은평구 진관동,17958,4097,5384,1376,171,6,5799,214,20,46,845
서울특별시 서대문구 충정로2가,511,94,207,26,1,0,167,0,1,2,13
서울특별시 서대문구 충정로3가,1814,309,717,186,5,1,510,6,1,2,77
서울특별시 서대문구 합동,400,125,114,23,8,0,118,0,0,0,12
서울특별시 서대문구 미근동,826,42,471,15,11,0,228,0,1,31,27
서울특별시 서대문구 냉천동,927,215,280,44,4,0,330,1,1,0,52
서울특별시 서대문구 천연동,1230,251,400,87,5,0,433,0,0,1,53
서울특별시 서대문구 옥천동,166,35,53,18,0,1,56,0,0,0,3
서울특별시 서대문구 영천동,1077,211,387,75,4,0,353,0,0,1,46
서울특별시 서대문구 현저동,1546,412,393,72,9,1,559,0,3,0,97
서울특별시 서대문구 북아현동,7861,1851,2589,454,61,5,2505,19,4,10,363
서울특별시 서대문구 홍제동,14294,3050,4612,969,63,5,4945,7,11,17,615
서울특별시 서대문구 대현동,1329,287,370,153,8,0,450,0,2,1,58
서울특별시 서대문구 대신동,291,80,96,7,1,0,94,0,0,0,13
서울특별시 서대문구 신촌동,271,63,107,7,1,0,79,3,1,1,9
서울특별시 서대문구 봉원동,122,19,50,10,1,0,39,0,0,0,3
서울특별시 서대문구 창천동,1970,435,649,211,13,0,595,0,2,1,64
서울특별시 서대문구 연희동,10159,2406,3394,685,108,8,3136,14,10,6,392
서울특별시 서대문구 홍은동,14485,2942,4846,1254,86,4,4722,77,7,26,521
서울특별시 서대문구 북가좌동,16225,2768,5606,2370,92,2,4740,54,11,49,533
서울특별시 서대문구 남가좌동,13967,3011,4647,840,72,6,4535,91,15,35,715
서울특별시 마포구 아현동,7415,1932,2236,348,44,2,2404,2,5,14,428
서울특별시 마포구 공덕동,8174,1991,2697,385,53,0,2618,0,8,18,404
서울특별시 마포구 신공덕동,4128,1091,1205,210,44,0,1345,0,3,7,223
서울특별시 마포구 도화동,9224,2167,3280,465,52,3,2805,1,2,42,407
서울특별시 마포구 용강동,2653,703,775,124,16,2,869,0,2,7,155
서울특별시 마포구 토정동,496,130,157,17,2,1,166,0,0,1,22
서울특별시 마포구 마포동,2789,365,1072,173,11,0,1055,0,1,2,110
서울특별시 마포구 대흥동,4890,1143,1548,298,30,2,1606,0,7,7,249
서울특별시 마포구 염리동,5620,1362,2051,226,35,2,1645,0,6,22,271
서울특별시 마포구 노고산동,1259,311,387,133,4,0,392,0,1,1,30
서울특별시 마포구 신수동,4779,1047,1651,288,23,3,1519,13,4,6,225
서울특별시 마포구 현석동,1838,494,567,61,10,1,580,0,3,1,121
서울특별시 마포구 구수동,462,53,285,23,6,0,91,0,0,0,4
서울특별시 마포구 창전동,4478,1090,1343,235,29,1,1532,3,7,11,227
서울특별시 마포구 상수동,2347,580,769,92,23,0,731,0,2,9,141
서울특별시 마포구 하중동,575,195,151,13,5,0,164,0,0,2,45
서울특별시 마포구 신정동,590,152,182,24,5,0,199,0,0,0,28
서울특별시 마포구 당인동,262,49,88,19,1,0,87,0,1,1,16
서울특별시 마포구 서교동,6558,1559,2297,334,39,3,2070,0,8,12,236
서울특별시 마포구 동교동,1775,387,684,92,13,0,522,0,1,2,74
서울특별시 마포구 합정동,6483,1196,2698,531,47,1,1794,2,11,9,194
서울특별시 마포구 망원동,11068,2132,4052,1131,67,4,3237,28,8,32,377
서울특별시 마포구 연남동,4165,917,1465,261,27,2,1307,11,1,4,170
서울특별시 마포구 성산동,14656,2896,5447,1127,105,3,4447,23,12,31,565
서울특별시 마포구 중동,3131,679,977,270,15,0,1046,2,7,3,132
서울특별시 마포구 상암동,11322,2362,3711,1061,110,3,3326,233,23,27,466
서울특별시 양천구 신정동,57798,12570,19015,4040,361,14,18812,317,30,119,2520
서울특별시 양천구 목동,48674,12556,14814,2541,245,16,16062,21,31,101,2287
서울특별시 양천구 신월동,45039,7209,16760,6839,195,10,12492,282,11,89,1152
서울특별시 강서구 염창동,15262,3310,4960,1144,72,7,4955,0,11,23,780
서울특별시 강서구 등촌동,25048,5116,8180,2210,116,10,8361,5,16,47,987
서울특별시 강서구 화곡동,64604,12600,22680,5673,277,25,21040,12,26,114,2157
서울특별시 강서구 가양동,24557,4766,8348,2158,124,5,7894,20,16,16,1210
서울특별시 강서구 마곡동,24705,4134,8086,1642,389,8,6664,11,15,63,3693
서울특별시 강서구 내발산동,14363,2873,4793,1440,65,5,4632,2,10,27,516
서울특별시 강서구 외발산동,1593,137,646,379,5,0,297,89,0,12,28
서울특별시 강서구 공항동,6930,1121,2865,665,37,3,2021,3,1,16,198
서울특별시 강서구 방화동,26195,4444,8362,4743,124,6,7544,118,6,30,818
서울특별시 강서구 개화동,1424,174,755,81,26,0,225,136,0,4,23
서울특별시 강서구 과해동,114,6,84,0,7,0,10,3,0,1,3
서울특별시 강서구 오곡동,46,3,34,1,0,0,7,0,0,1,0
서울특별시 강서구 오쇠동,94,6,64,1,2,0,19,0,0,2,0
서울특별시 구로구 신도림동,12591,2888,4065,608,56,6,4312,15,5,28,608
서울특별시 구로구 구로동,53618,8429,20628,5140,1693,9,15578,235,108,102,1696
서울특별시 구로구 가리봉동,2789,425,1359,187,5,0,743,0,0,1,69
서울특별시 구로구 고척동,16747,2882,6631,1408,75,4,5187,11,6,33,510
서울특별시 구로구 개봉동,25992,4693,9629,2215,96,9,8323,125,8,58,836
서울특별시 구로구 오류동,14424,2475,5284,1464,68,7,4609,3,10,34,470
서울특별시 구로구 궁동,4684,696,1906,496,18,1,1430,1,1,7,128
서울특별시 구로구 온수동,3419,650,1190,422,10,1,1010,16,2,7,111
서울특별시 구로구 천왕동,4294,747,1495,549,24,2,1345,0,2,15,115
서울특별시 구로구 항동,5604,985,1946,436,53,4,1905,1,7,17,250
서울특별시 금천구 가산동,20099,3000,9000,906,214,12,5965,154,10,64,774
서울특별시 금천구 독산동,34721,5628,13688,3394,149,14,10695,30,12,46,1065
서울특별시 금천구 시흥동,35008,5548,14047,3197,163,15,10776,212,6,52,992
서울특별시 영등포구 영등포동,4126,853,1490,265,24,1,1299,0,7,6,181
서울특별시 영등포구 영등포동1가,852,181,231,43,13,1,330,0,1,2,50
서울특별시 영등포구 영등포동2가,1606,265,776,70,5,1,426,0,1,12,50
서울특별시 영등포구 영등포동3가,441,97,156,33,3,0,140,2,0,1,9
서울특별시 영등포구 영등포동4가,558,124,170,86,9,0,149,0,0,1,19
서울특별시 영등포구 영등포동5가,652,111,315,52,5,0,151,1,0,0,17
서울특별시 영등포구 영등포동6가,516,92,197,33,4,1,161,0,1,0,27
서울특별시 영등포구 영등포동7가,3706,768,1399,179,34,1,1156,1,6,7,155
서울특별시 영등포구 영등포동8가,1995,435,626,103,10,2,704,0,2,9,104
서울특별시 영등포구 여의도동,21406,5650,6386,503,1452,4,5970,4,46,83,1308
서울특별시 영등포구 당산동1가,2019,377,774,124,13,0,642,1,1,6,81
서울특별시 영등포구 당산동2가,2066,383,769,125,4,2,695,0,2,24,62
서울특별시 영등포구 당산동3가,3694,706,1475,224,64,0,1062,14,7,13,129
서울특별시 영등포구 당산동4가,4771,1106,1499,195,31,1,1629,55,2,9,244
서울특별시 영등포구 당산동5가,4346,1168,1191,165,20,2,1522,0,3,6,269
서울특별시 영등포구 당산동6가,1187,231,488,72,7,0,355,0,1,4,29
서울특별시 영등포구 당산동,2468,527,722,231,17,5,817,1,3,3,142
서울특별시 영등포구 도림동,5744,1078,2282,447,26,3,1688,11,4,11,194
서울특별시 영등포구 문래동1가,413,59,204,24,3,0,102,1,0,9,11
서울특별시 영등포구 문래동2가,600,111,274,40,1,0,156,0,0,0,18
서울특별시 영등포구 문래동3가,6074,1375,2180,237,36,4,1928,1,10,52,251
서울특별시 영등포구 문래동4가,804,150,297,60,1,1,261,0,2,0,32
서울특별시 영등포구 문래동5가,2055,407,763,111,4,2,665,0,1,2,100
서울특별시 영등포구 문래동6가,4120,833,1387,277,26,3,1356,0,2,26,210
서울특별시 영등포구 양평동1가,2744,328,1330,484,13,1,519,0,0,8,61
서울특별시 영등포구 양평동2가,3276,537,1505,218,9,2,867,7,1,20,110
서울특별시 영등포구 양평동3가,6949,1186,2785,415,20,4,2138,0,4,73,324
서울특별시 영등포구 양평동4가,3072,515,1392,167,18,1,845,5,3,4,122
서울특별시 영등포구 양평동5가,3926,568,2111,196,27,1,877,0,2,8,136
서울특별시 영등포구 양평동6가,1913,325,655,363,15,0,484,2,1,2,66
서울특별시 영등포구 양화동,5,1,2,1,0,0,0,0,0,0,1
서울특별시 영등포구 신길동,30924,6052,11189,2297,148,13,9969,10,15,43,1188
서울특별시 영등포구 대림동,17314,2827,7219,1648,73,3,5034,1,9,8,492
서울특별시 영등포구 양평동,3,0,1,0,0,0,2,0,0,0,0
서울특별시 동작구 노량진동,8042,1703,2753,606,56,2,2604,6,5,11,296
서울특별시 동작구 상도동,31693,6858,10148,2393,150,8,10645,15,27,34,1415
서울특별시 동작구 상도1동,1846,349,663,155,7,0,589,0,1,2,80
서울특별시 동작구 본동,3361,802,1036,204,21,3,1086,1,2,5,201
서울특별시 동작구 흑석동,9163,2344,2830,476,59,2,2894,10,8,11,529
서울특별시 동작구 동작동,1640,433,488,63,11,0,531,0,1,1,112
서울특별시 동작구 사당동,26692,6062,8558,1795,127,6,8911,14,18,30,1171
서울특별시 동작구 대방동,10565,2254,3342,747,43,8,3674,15,10,19,453
서울특별시 동작구 신대방동,13240,2764,4838,770,87,5,4241,1,11,19,504
서울특별시 관악구 봉천동,54521,10719,18391,4549,294,20,18164,40,31,81,2232
서울특별시 관악구 신림동,59292,10894,21530,5725,285,29,18703,186,18,77,1845
서울특별시 관악구 남현동,5034,1031,1704,356,15,2,1691,8,6,2,219
서울특별시 서초구 방배동,38397,10393,11902,1758,273,15,11622,302,30,57,2045
서울특별시 서초구 양재동,24988,4318,9847,1199,788,7,7310,33,91,86,1309
서울특별시 서초구 우면동,9134,2213,2746,728,79,4,2771,32,20,34,507
서울특별시 서초구 원지동,155,28,78,16,1,0,28,0,0,0,4
서울특별시 서초구 잠원동,17756,5909,4741,532,91,9,5384,2,9,29,1050
서울특별시 서초구 반포동,27780,9511,7917,680,397,10,7637,2,19,55,1552
서울특별시 서초구 서초동,51930,14850,16402,1303,1224,11,15190,26,41,144,2739
서울특별시 서초구 내곡동,4431,843,1442,623,66,0,1231,14,8,11,193
서울특별시 서초구 염곡동,853,113,361,60,4,0,156,122,5,1,31
서울특별시 서초구 신원동,3042,737,1012,184,41,2,877,0,3,9,177
서울특별시 강남구 학동,8,3,5,0,0,0,0,0,0,0,0
서울특별시 강남구 역삼동,36627,9388,10579,1311,679,9,9896,9,14,78,4664
서울특별시 강남구 포이동,4,2,1,0,0,0,1,0,0,0,0
서울특별시 강남구 개포동,22928,6222,6839,1162,189,8,7021,172,17,33,1265
서울특별시 강남구 청담동,12041,4205,3846,266,130,2,2944,6,6,32,604
서울특별시 강남구 삼성동,20319,6175,6329,649,233,3,5782,33,13,97,1005
서울특별시 강남구 대치동,38994,10282,8768,1069,6188,23,10155,6,25,46,2432
서울특별시 강남구 신사동,6674,1807,2397,235,50,5,1880,0,1,18,281
서울특별시 강남구 논현동,20920,5665,7345,789,151,7,6123,9,10,54,767
서울특별시 강남구 압구정동,13629,4597,3627,294,71,5,4182,0,9,17,827
서울특별시 강남구 세곡동,5815,1244,2024,560,47,6,1606,19,5,15,289
서울특별시 강남구 자곡동,8605,2063,2578,731,82,1,2646,0,10,18,476
서울특별시 강남구 율현동,4394,896,1549,566,21,1,1225,0,1,7,128
서울특별시 강남구 일원동,14748,3549,3769,2047,127,9,4400,5,22,10,810
서울특별시 강남구 수서동,8293,2025,2436,779,56,1,2495,1,6,7,487
서울특별시 강남구 도곡동,22707,7943,6247,520,209,6,6372,5,23,130,1252
서울특별시 송파구 잠실동,36859,11240,10167,1470,273,17,11575,10,19,85,2003
서울특별시 송파구 신천동,22749,4195,12463,448,160,4,4581,15,8,70,805
서울특별시 송파구 풍납동,12271,2565,3950,1212,71,3,3898,5,13,22,532
서울특별시 송파구 송파동,14525,3342,4916,910,75,5,4591,0,11,26,649
서울특별시 송파구 석촌동,10057,2179,3587,785,55,4,3058,2,4,12,371
서울특별시 송파구 삼전동,9049,1894,3058,777,55,3,2917,2,6,33,304
서울특별시 송파구 가락동,35043,7887,11736,2264,238,20,10957,6,26,106,1803
서울특별시 송파구 문정동,29434,6580,10690,1423,186,10,9036,11,21,62,1415
서울특별시 송파구 장지동,17061,3141,5050,2366,156,8,4724,661,10,58,887
서울특별시 송파구 방이동,21407,5368,6912,1115,126,9,6697,3,15,44,1118
서울특별시 송파구 오금동,13934,2959,4900,977,76,7,4337,10,12,22,634
서울특별시 송파구 거여동,11876,2277,4168,1010,61,4,3880,3,9,17,447
서울특별시 송파구 마천동,11809,1897,4540,1579,69,4,3288,104,6,20,302
서울특별시 강동구 명일동,14174,3126,4329,960,83,3,4923,8,13,27,702
서울특별시 강동구 고덕동,16687,3796,5502,959,143,5,5275,2,25,47,933
서울특별시 강동구 상일동,16875,3716,5326,1066,150,11,5542,6,34,40,984
서울특별시 강동구 길동,15896,2812,5373,2556,124,8,4461,2,9,28,523
서울특별시 강동구 둔촌동,8664,1698,3030,835,40,0,2696,2,6,15,342
서울특별시 강동구 암사동,21686,4362,7336,1884,105,9,6970,5,16,42,957
서울특별시 강동구 성내동,22186,4057,8047,2171,155,9,6884,15,28,47,773
서울특별시 강동구 천호동,25879,4846,9668,2553,131,12,7728,5,23,51,862
서울특별시 강동구 강일동,10528,1862,3557,1291,98,1,3107,185,17,23,387
