상권_코드,기준_년_코드,기준_분기_코드,점포_수,유사_업종_점포_수,행정동_코드,행정동
1000001,2020,4,201,212,1111060000,가회동
1000002,2020,4,115,122,1111071000,숭인제2동
1000003,2020,4,284,299,1111061500,종로1.2.3.4가동
1000004,2020,4,73,84,1111065000,혜화동
1000005,2020,4,76,80,1111055000,부암동
1000006,2020,4,91,91,1111060000,가회동
1000007,2020,4,200,216,1111054000,삼청동
1000008,2020,4,86,99,1111054000,삼청동
1000009,2020,4,145,155,1111054000,삼청동
1000010,2020,4,126,143,1111065000,혜화동
1000011,2020,4,123,138,1111071000,숭인제2동
1000012,2020,4,68,70,1111051500,청운효자동
1000013,2020,4,192,194,1111061500,종로1.2.3.4가동
1000014,2020,4,62,68,1111063000,종로5.6가동
1000015,2020,4,152,164,1111064000,이화동
1000016,2020,4,198,202,1111053000,사직동
1000017,2020,4,521,523,1111061500,종로1.2.3.4가동
1000018,2020,4,101,115,1111071000,숭인제2동
1000019,2020,4,97,108,1111071000,숭인제2동
1000020,2020,4,101,107,1111070000,숭인제1동
1000021,2020,4,86,88,1111065000,혜화동
1000022,2020,4,71,74,1111068000,창신제2동
1000023,2020,4,48,52,1111068000,창신제2동
1000024,2020,4,31,32,1111068000,창신제2동
1000025,2020,4,36,41,1111058000,교남동
1000026,2020,4,85,87,1111056000,평창동
1000027,2020,4,71,76,1111053000,사직동
1000028,2020,4,242,260,1114067000,황학동
1000029,2020,4,65,69,1114067000,황학동
1000030,2020,4,168,178,1114061500,신당동
1000031,2020,4,127,139,1114066500,동화동
1000032,2020,4,233,246,1114066500,동화동
1000033,2020,4,165,180,1114061500,신당동
1000034,2020,4,209,232,1114064500,청구동
1000035,2020,4,110,120,1114062500,다산동
1000036,2020,4,108,111,1114062500,다산동
1000037,2020,4,71,72,1114058000,장충동
1000038,2020,4,85,98,1114063500,약수동
1000039,2020,4,220,249,1114055000,명동
1000040,2020,4,162,177,1114060500,을지로동
1000041,2020,4,124,127,1114058000,장충동
1000042,2020,4,158,170,1114062500,다산동
1000043,2020,4,86,90,1114064500,청구동
1000044,2020,4,152,154,1114054000,회현동
1000045,2020,4,142,147,1114055000,명동
1000046,2020,4,137,147,1114058000,장충동
1000047,2020,4,162,167,1114058000,장충동
1000048,2020,4,158,164,1114054000,회현동
1000049,2020,4,175,179,1114065000,신당제5동
1000050,2020,4,31,32,1117069000,서빙고동
1000051,2020,4,162,168,1117065000,이태원제1동
1000052,2020,4,175,178,1117065000,이태원제1동
1000053,2020,4,127,131,1117066000,이태원제2동
1000054,2020,4,104,110,1117066000,이태원제2동
1000055,2020,4,103,107,1117068500,한남동
1000056,2020,4,113,125,1117053000,남영동
1000057,2020,4,190,206,1117058000,효창동
1000058,2020,4,140,155,1117056000,원효로제1동
1000059,2020,4,60,60,1117069000,서빙고동
1000060,2020,4,117,127,1117052000,용산2가동
1000061,2020,4,124,133,1117051000,후암동
1000062,2020,4,130,131,1117070000,보광동
1000063,2020,4,100,104,1117068500,한남동
1000064,2020,4,103,107,1117070000,보광동
1000065,2020,4,135,142,1117057000,원효로제2동
1000066,2020,4,119,125,1117057000,원효로제2동
1000067,2020,4,159,166,1117059000,용문동
1000068,2020,4,162,178,1117056000,원효로제1동
1000069,2020,4,101,108,1117064000,이촌제2동
1000070,2020,4,195,205,1117065000,이태원제1동
1000071,2020,4,323,332,1117068500,한남동
1000072,2020,4,104,113,1117070000,보광동
1000073,2020,4,369,446,1117055500,청파동
1000074,2020,4,55,58,1117055500,청파동
1000075,2020,4,114,122,1117055500,청파동
1000076,2020,4,77,89,1117055500,청파동
1000077,2020,4,194,219,1117053000,남영동
1000078,2020,4,118,123,1117062500,한강로동
1000079,2020,4,330,356,1117062500,한강로동
1000080,2020,4,200,208,1117062500,한강로동
1000081,2020,4,185,196,1117062500,한강로동
1000082,2020,4,105,110,1117062500,한강로동
1000083,2020,4,74,77,1117053000,남영동
1000084,2020,4,155,162,1117068500,한남동
1000085,2020,4,183,193,1117066000,이태원제2동
1000086,2020,4,120,133,1117059000,용문동
1000087,2020,4,109,119,1117051000,후암동
1000088,2020,4,136,155,1120056000,행당제1동
1000089,2020,4,44,44,1120061500,금호2.3가동
1000090,2020,4,96,102,1120061500,금호2.3가동
1000091,2020,4,187,197,1120065000,성수1가제1동
1000092,2020,4,122,131,1120067000,성수2가제1동
1000093,2020,4,98,103,1120054000,마장동
1000094,2020,4,166,174,1120054000,마장동
1000095,2020,4,77,78,1120054000,마장동
1000096,2020,4,65,78,1120055000,사근동
1000097,2020,4,89,98,1120064500,옥수동
1000098,2020,4,138,155,1120061500,금호2.3가동
1000099,2020,4,190,199,1120053500,왕십리도선동
1000100,2020,4,142,152,1120052000,왕십리제2동
1000101,2020,4,68,80,1120052000,왕십리제2동
1000102,2020,4,97,110,1120055000,사근동
1000103,2020,4,144,153,1120066000,성수1가제2동
1000104,2020,4,218,250,1120066000,성수1가제2동
1000105,2020,4,243,248,1120066000,성수1가제2동
1000106,2020,4,216,226,1120067000,성수2가제1동
1000107,2020,4,165,175,1120065000,성수1가제1동
1000108,2020,4,208,217,1120069000,성수2가제3동
1000109,2020,4,196,205,1120069000,성수2가제3동
1000110,2020,4,295,320,1120069000,성수2가제3동
1000111,2020,4,64,69,1120072000,송정동
1000112,2020,4,197,203,1120072000,송정동
1000113,2020,4,254,263,1120069000,성수2가제3동
1000114,2020,4,197,218,1120069000,성수2가제3동
1000115,2020,4,194,202,1120069000,성수2가제3동
1000116,2020,4,198,206,1120066000,성수1가제2동
1000117,2020,4,89,106,1120056000,행당제1동
1000118,2020,4,274,286,1120053500,왕십리도선동
1000119,2020,4,131,144,1120052000,왕십리제2동
1000120,2020,4,319,352,1120066000,성수1가제2동
1000121,2020,4,207,232,1120079000,용답동
1000122,2020,4,59,59,1120079000,용답동
1000123,2020,4,259,292,1120061500,금호2.3가동
1000124,2020,4,325,332,1120054000,마장동
1000125,2020,4,161,184,1120064500,옥수동
1000126,2020,4,103,107,1120064500,옥수동
1000127,2020,4,162,178,1121571000,화양동
1000128,2020,4,117,142,1121571000,화양동
1000129,2020,4,137,146,1121585000,구의제1동
1000130,2020,4,62,64,1121586000,구의제2동
1000131,2020,4,144,163,1121585000,구의제1동
1000132,2020,4,140,157,1121587000,구의제3동
1000133,2020,4,175,189,1121575000,중곡제2동
1000134,2020,4,205,221,1121574000,중곡제1동
1000135,2020,4,121,127,1121574000,중곡제1동
1000136,2020,4,228,245,1121576000,중곡제3동
1000137,2020,4,193,210,1121571000,화양동
1000138,2020,4,125,137,1121571000,화양동
1000139,2020,4,190,202,1121578000,능동
1000140,2020,4,151,162,1121584700,자양제4동
1000141,2020,4,117,131,1121584000,자양제3동
1000142,2020,4,211,222,1121584700,자양제4동
1000143,2020,4,76,85,1121571000,화양동
1000144,2020,4,99,104,1121584000,자양제3동
1000145,2020,4,95,101,1121584700,자양제4동
1000146,2020,4,137,154,1121583000,자양제2동
1000147,2020,4,96,102,1121583000,자양제2동
1000148,2020,4,193,212,1121583000,자양제2동
1000149,2020,4,95,99,1121583000,자양제2동
1000150,2020,4,151,159,1121576000,중곡제3동
1000151,2020,4,89,100,1121582000,자양제1동
1000152,2020,4,114,127,1121585000,구의제1동
1000153,2020,4,171,186,1121585000,구의제1동
1000154,2020,4,181,206,1121587000,구의제3동
1000155,2020,4,138,151,1121581000,광장동
1000156,2020,4,236,250,1121575000,중곡제2동
1000157,2020,4,118,128,1121575000,중곡제2동
1000158,2020,4,244,258,1121582000,자양제1동
1000159,2020,4,148,156,1121582000,자양제1동
1000160,2020,4,133,139,1121585000,구의제1동
1000161,2020,4,181,197,1121577000,중곡제4동
1000162,2020,4,122,132,1121586000,구의제2동
1000163,2020,4,145,154,1121577000,중곡제4동
1000164,2020,4,117,126,1121584000,자양제3동
1000165,2020,4,412,430,1121575000,중곡제2동
1000166,2020,4,179,191,1121575000,중곡제2동
1000167,2020,4,200,227,1121586000,구의제2동
1000168,2020,4,87,113,1123071000,회기동
1000169,2020,4,149,168,1123071000,회기동
1000170,2020,4,97,98,1123053600,용신동
1000171,2020,4,79,91,1123056000,전농제1동
1000172,2020,4,116,120,1123061000,답십리제2동
1000173,2020,4,141,150,1123061000,답십리제2동
1000174,2020,4,77,81,1123066000,장안제2동
1000175,2020,4,174,187,1123065000,장안제1동
1000176,2020,4,203,217,1123065000,장안제1동
1000177,2020,4,195,218,1123066000,장안제2동
1000178,2020,4,108,118,1123065000,장안제1동
1000179,2020,4,52,60,1123073000,휘경제2동
1000180,2020,4,116,132,1123073000,휘경제2동
1000181,2020,4,101,109,1123072000,휘경제1동
1000182,2020,4,72,77,1123053600,용신동
1000183,2020,4,72,72,1123053600,용신동
1000184,2020,4,153,167,1123057000,전농제2동
1000185,2020,4,130,142,1123066000,장안제2동
1000186,2020,4,66,67,1123060000,답십리제1동
1000187,2020,4,56,59,1123056000,전농제1동
1000188,2020,4,105,114,1123056000,전농제1동
1000189,2020,4,205,218,1123056000,전농제1동
1000190,2020,4,183,189,1123054500,제기동
1000191,2020,4,75,76,1123053600,용신동
1000192,2020,4,138,139,1123054500,제기동
1000193,2020,4,168,180,1123070500,청량리동
1000194,2020,4,54,56,1123075000,이문제2동
1000195,2020,4,93,102,1123065000,장안제1동
1000196,2020,4,136,149,1123065000,장안제1동
1000197,2020,4,91,98,1123066000,장안제2동
1000198,2020,4,129,160,1123065000,장안제1동
1000199,2020,4,100,106,1123066000,장안제2동
1000200,2020,4,109,121,1123066000,장안제2동
1000201,2020,4,221,233,1123065000,장안제1동
1000202,2020,4,115,123,1123065000,장안제1동
1000203,2020,4,112,119,1123056000,전농제1동
1000204,2020,4,122,133,1123060000,답십리제1동
1000205,2020,4,326,336,1123061000,답십리제2동
1000206,2020,4,74,77,1123070500,청량리동
1000207,2020,4,119,130,1123054500,제기동
1000208,2020,4,60,77,1123074000,이문제1동
1000209,2020,4,47,47,1123053600,용신동
1000210,2020,4,173,188,1123053600,용신동
1000211,2020,4,34,34,1123053600,용신동
1000212,2020,4,118,121,1123065000,장안제1동
1000213,2020,4,167,169,1123065000,장안제1동
1000214,2020,4,206,217,1123065000,장안제1동
1000215,2020,4,88,101,1123057000,전농제2동
1000216,2020,4,94,101,1123066000,장안제2동
1000217,2020,4,103,113,1123066000,장안제2동
1000218,2020,4,56,61,1123072000,휘경제1동
1000219,2020,4,52,53,1123074000,이문제1동
1000220,2020,4,223,261,1123074000,이문제1동
1000221,2020,4,119,141,1123074000,이문제1동
1000222,2020,4,149,158,1126056500,면목본동
1000223,2020,4,113,119,1126056500,면목본동
1000224,2020,4,105,114,1126056500,면목본동
1000225,2020,4,49,52,1126062000,묵제1동
1000226,2020,4,169,199,1126062000,묵제1동
1000227,2020,4,79,85,1126054000,면목제4동
1000228,2020,4,131,135,1126052000,면목제2동
1000229,2020,4,250,264,1126052000,면목제2동
1000230,2020,4,244,262,1126059000,상봉제2동
1000231,2020,4,197,217,1126061000,중화제2동
1000232,2020,4,107,111,1126060000,중화제1동
1000233,2020,4,235,248,1126061000,중화제2동
1000234,2020,4,69,75,1126061000,중화제2동
1000235,2020,4,174,182,1126060000,중화제1동
1000236,2020,4,82,85,1126063000,묵제2동
1000237,2020,4,276,292,1126063000,묵제2동
1000238,2020,4,131,140,1126063000,묵제2동
1000239,2020,4,128,145,1126065500,망우본동
1000240,2020,4,69,74,1126065500,망우본동
1000241,2020,4,84,90,1126054000,면목제4동
1000242,2020,4,111,120,1126054000,면목제4동
1000243,2020,4,119,136,1126057500,면목제3.8동
1000244,2020,4,153,167,1126057500,면목제3.8동
1000245,2020,4,152,166,1126057500,면목제3.8동
1000246,2020,4,116,122,1126056500,면목본동
1000247,2020,4,154,170,1126056500,면목본동
1000248,2020,4,155,163,1126056500,면목본동
1000249,2020,4,196,210,1126059000,상봉제2동
1000250,2020,4,45,48,1126060000,중화제1동
1000251,2020,4,129,139,1126061000,중화제2동
1000252,2020,4,278,330,1126068000,신내1동
1000253,2020,4,101,106,1126057000,면목제7동
1000254,2020,4,172,187,1126057000,면목제7동
1000255,2020,4,83,90,1126058000,상봉제1동
1000256,2020,4,100,114,1126066000,망우제3동
1000257,2020,4,89,96,1126065500,망우본동
1000258,2020,4,176,189,1126065500,망우본동
1000259,2020,4,106,120,1126057500,면목제3.8동
1000260,2020,4,160,172,1126052000,면목제2동
1000261,2020,4,62,69,1129066000,길음제1동
1000262,2020,4,66,70,1129081000,석관동
1000263,2020,4,101,110,1129081000,석관동
1000264,2020,4,122,131,1129077000,장위제2동
1000265,2020,4,76,78,1129077000,장위제2동
1000266,2020,4,97,100,1129076000,장위제1동
1000267,2020,4,50,53,1129081000,석관동
1000268,2020,4,121,133,1129057500,동선동
1000269,2020,4,110,119,1129057500,동선동
1000270,2020,4,155,165,1129057500,동선동
1000271,2020,4,122,129,1129055500,삼선동
1000272,2020,4,130,140,1129055500,삼선동
1000273,2020,4,125,142,1129065000,정릉제4동
1000274,2020,4,169,183,1129061000,보문동
1000275,2020,4,52,54,1129060000,안암동
1000276,2020,4,176,186,1129055500,삼선동
1000277,2020,4,168,187,1129057500,동선동
1000278,2020,4,169,184,1129055500,삼선동
1000279,2020,4,37,40,1129055500,삼선동
1000280,2020,4,33,33,1129055500,삼선동
1000281,2020,4,93,104,1129068500,길음제2동
1000282,2020,4,88,91,1129052500,성북동
1000283,2020,4,59,63,1129064000,정릉제3동
1000284,2020,4,209,227,1129057500,동선동
1000285,2020,4,96,100,1129060000,안암동
1000286,2020,4,134,144,1129071500,월곡제1동
1000287,2020,4,106,110,1129071500,월곡제1동
1000288,2020,4,259,285,1129072500,월곡제2동
1000289,2020,4,62,68,1129060000,안암동
1000290,2020,4,160,173,1129061000,보문동
1000291,2020,4,114,133,1129060000,안암동
1000292,2020,4,200,260,1129060000,안암동
1000293,2020,4,82,89,1129060000,안암동
1000294,2020,4,162,165,1129061000,보문동
1000295,2020,4,137,149,1129072500,월곡제2동
1000296,2020,4,37,37,1129078000,장위제3동
1000297,2020,4,84,93,1129063000,정릉제2동
1000298,2020,4,70,78,1129063000,정릉제2동
1000299,2020,4,61,71,1129064000,정릉제3동
1000300,2020,4,92,100,1129070500,종암동
1000301,2020,4,145,160,1129070500,종암동
1000302,2020,4,87,102,1129070500,종암동
1000303,2020,4,127,131,1129070500,종암동
1000304,2020,4,101,109,1129070500,종암동
1000305,2020,4,136,146,1129061000,보문동
1000306,2020,4,105,114,1129052500,성북동
1000307,2020,4,49,51,1129076000,장위제1동
1000308,2020,4,111,128,1129081000,석관동
1000309,2020,4,107,128,1129072500,월곡제2동
1000310,2020,4,94,108,1129072500,월곡제2동
1000311,2020,4,84,87,1129077000,장위제2동
1000312,2020,4,120,129,1129071500,월곡제1동
1000313,2020,4,81,89,1129081000,석관동
1000314,2020,4,79,86,1129081000,석관동
1000315,2020,4,168,172,1130563000,
1000316,2020,4,68,72,1130562000,
1000317,2020,4,71,73,1130562000,
1000318,2020,4,73,75,1130560000,
1000319,2020,4,102,109,1130559000,
1000320,2020,4,95,100,1130555500,송천동
1000321,2020,4,76,80,1130554500,송중동
1000322,2020,4,200,214,1130553500,미아동
1000323,2020,4,159,167,1130553500,미아동
1000324,2020,4,224,240,1130553500,미아동
1000325,2020,4,36,39,1130554500,송중동
1000326,2020,4,81,84,1130563000,
1000327,2020,4,106,117,1130563000,
1000328,2020,4,60,63,1130555500,송천동
1000329,2020,4,69,75,1130555500,송천동
1000330,2020,4,80,94,1130557500,삼각산동
1000331,2020,4,127,142,1130553400,삼양동
1000332,2020,4,47,49,1130555500,송천동
1000333,2020,4,75,78,1130561000,
1000334,2020,4,76,82,1130566000,인수동
1000335,2020,4,105,106,1130553500,미아동
1000336,2020,4,109,120,1130553500,미아동
1000337,2020,4,257,286,1130554500,송중동
1000338,2020,4,158,169,1130555500,송천동
1000339,2020,4,156,166,1130561000,
1000340,2020,4,102,113,1130554500,송중동
1000341,2020,4,77,82,1130554500,송중동
1000342,2020,4,188,202,1130559000,
1000343,2020,4,83,83,1130566000,인수동
1000344,2020,4,70,77,1130566000,인수동
1000345,2020,4,53,56,1130566000,인수동
1000346,2020,4,193,226,1130560600,
1000347,2020,4,51,57,1130559000,
1000348,2020,4,65,70,1130559000,
1000349,2020,4,217,234,1130559000,
1000350,2020,4,95,103,1130563000,
1000351,2020,4,149,159,1130563000,
1000352,2020,4,197,221,1132068000,쌍문제3동
1000353,2020,4,92,109,1132051500,창제5동
1000354,2020,4,101,105,1132051300,창제3동
1000355,2020,4,72,78,1132070000,방학제2동
1000356,2020,4,107,113,1132070000,방학제2동
1000357,2020,4,142,150,1132069000,방학제1동
1000358,2020,4,203,216,1132069000,방학제1동
1000359,2020,4,170,185,1132068000,쌍문제3동
1000360,2020,4,481,524,1132051100,창제1동
1000361,2020,4,120,126,1132069000,방학제1동
1000362,2020,4,201,218,1132069000,방학제1동
1000363,2020,4,64,66,1132052200,도봉제2동
1000364,2020,4,79,82,1132052200,도봉제2동
1000365,2020,4,128,139,1132052100,도봉제1동
1000366,2020,4,186,206,1132052100,도봉제1동
1000367,2020,4,40,42,1132052100,도봉제1동
1000368,2020,4,92,99,1132052100,도봉제1동
1000369,2020,4,100,106,1132070000,방학제2동
1000370,2020,4,49,55,1132071000,방학제3동
1000371,2020,4,103,108,1132067000,쌍문제2동
1000372,2020,4,161,165,1132069000,방학제1동
1000373,2020,4,125,141,1132066000,쌍문제1동
1000374,2020,4,144,152,1132052100,도봉제1동
1000375,2020,4,106,115,1132066000,쌍문제1동
1000376,2020,4,108,120,1132051300,창제3동
1000377,2020,4,139,162,1132051500,창제5동
1000378,2020,4,98,107,1135061100,하계1동
1000379,2020,4,197,208,1135059500,공릉1동
1000380,2020,4,243,300,1135059500,공릉1동
1000381,2020,4,122,137,1135063000,상계1동
1000382,2020,4,151,166,1135064000,상계2동
1000383,2020,4,155,179,1135064000,상계2동
1000384,2020,4,205,227,1135064000,상계2동
1000385,2020,4,216,245,1135056000,월계1동
1000386,2020,4,316,361,1135062400,중계4동
1000387,2020,4,185,195,1135067000,상계5동
1000388,2020,4,128,134,1135067000,상계5동
1000389,2020,4,123,135,1138060000,응암제3동
1000390,2020,4,175,191,1138063100,신사제1동
1000391,2020,4,149,156,1138055200,갈현제2동
1000392,2020,4,66,69,1138055100,갈현제1동
1000393,2020,4,118,128,1138062500,역촌동
1000394,2020,4,137,153,1138060000,응암제3동
1000395,2020,4,84,88,1138056000,구산동
1000396,2020,4,94,101,1138057000,대조동
1000397,2020,4,76,79,1138065000,수색동
1000398,2020,4,116,125,1138057000,대조동
1000399,2020,4,102,113,1138056000,구산동
1000400,2020,4,90,93,1138056000,구산동
1000401,2020,4,174,189,1138062500,역촌동
1000402,2020,4,198,215,1138055200,갈현제2동
1000403,2020,4,123,133,1138055200,갈현제2동
1000404,2020,4,157,176,1138055200,갈현제2동
1000405,2020,4,206,223,1138057000,대조동
1000406,2020,4,116,130,1138055100,갈현제1동
1000407,2020,4,83,89,1138053000,불광제2동
1000408,2020,4,124,133,1138053000,불광제2동
1000409,2020,4,108,116,1138062500,역촌동
1000410,2020,4,92,98,1138053000,불광제2동
1000411,2020,4,146,157,1138062500,역촌동
1000412,2020,4,152,160,1138058000,응암제1동
1000413,2020,4,294,303,1138051000,녹번동
1000414,2020,4,60,63,1138058000,응암제1동
1000415,2020,4,141,161,1138062500,역촌동
1000416,2020,4,133,144,1138058000,응암제1동
1000417,2020,4,139,145,1138060000,응암제3동
1000418,2020,4,165,186,1138060000,응암제3동
1000419,2020,4,115,122,1138060000,응암제3동
1000420,2020,4,130,145,1138060000,응암제3동
1000421,2020,4,94,103,1138058000,응암제1동
1000422,2020,4,113,115,1138064000,증산동
1000423,2020,4,72,76,1138063200,신사제2동
1000424,2020,4,88,98,1138063200,신사제2동
1000425,2020,4,146,156,1138063100,신사제1동
1000426,2020,4,87,93,1138064000,증산동
1000427,2020,4,103,109,1138064000,증산동
1000428,2020,4,106,111,1138064000,증산동
1000429,2020,4,128,138,1138051000,녹번동
1000430,2020,4,205,219,1138062500,역촌동
1000431,2020,4,60,63,1138057000,대조동
1000432,2020,4,78,83,1138053000,불광제2동
1000433,2020,4,187,199,1138055100,갈현제1동
1000434,2020,4,51,58,1138053000,불광제2동
1000435,2020,4,153,168,1141070000,남가좌제2동
1000436,2020,4,81,90,1141052000,천연동
1000437,2020,4,190,218,1141070000,남가좌제2동
1000438,2020,4,191,215,1141069000,남가좌제1동
1000439,2020,4,92,94,1141055500,북아현동
1000440,2020,4,229,244,1141066000,홍은제1동
1000441,2020,4,196,231,1141065500,홍제제2동
1000442,2020,4,183,200,1141064000,홍제제3동
1000443,2020,4,79,84,1141071000,북가좌제1동
1000444,2020,4,107,113,1141055500,북아현동
1000445,2020,4,71,84,1141061500,연희동
1000446,2020,4,130,140,1141072000,북가좌제2동
1000447,2020,4,295,348,1141070000,남가좌제2동
1000448,2020,4,64,68,1141072000,북가좌제2동
1000449,2020,4,279,303,1141072000,북가좌제2동
1000450,2020,4,49,54,1141068500,홍은제2동
1000451,2020,4,147,156,1141056500,충현동
1000452,2020,4,150,163,1141056500,충현동
1000453,2020,4,61,68,1141052000,천연동
1000454,2020,4,142,162,1141062000,홍제제1동
1000455,2020,4,91,99,1141062000,홍제제1동
1000456,2020,4,82,84,1141061500,연희동
1000457,2020,4,54,58,1141062000,홍제제1동
1000458,2020,4,136,145,1144063000,신수동
1000459,2020,4,106,122,1144060000,대흥동
1000460,2020,4,135,142,1144061000,염리동
1000461,2020,4,83,95,1144058500,도화동
1000462,2020,4,146,168,1144058500,도화동
1000463,2020,4,82,86,1144065500,서강동
1000464,2020,4,150,155,1144063000,신수동
1000465,2020,4,152,156,1144068000,합정동
1000466,2020,4,147,156,1144066000,서교동
1000467,2020,4,242,256,1144066000,서교동
1000468,2020,4,129,135,1144071000,연남동
1000469,2020,4,344,363,1144071000,연남동
1000470,2020,4,389,400,1144071000,연남동
1000471,2020,4,137,155,1144055500,아현동
1000472,2020,4,203,216,1144056500,공덕동
1000473,2020,4,115,125,1144058500,도화동
1000474,2020,4,173,179,1144056500,공덕동
1000475,2020,4,159,174,1144070000,망원제2동
1000476,2020,4,192,203,1144069000,망원제1동
1000477,2020,4,381,421,1144074000,상암동
1000478,2020,4,115,125,1144073000,성산제2동
1000479,2020,4,100,107,1144070000,망원제2동
1000480,2020,4,235,254,1144060000,대흥동
1000481,2020,4,144,154,1144072000,성산제1동
1000482,2020,4,145,158,1144072000,성산제1동
1000483,2020,4,106,108,1144071000,연남동
1000484,2020,4,176,187,1144072000,성산제1동
1000485,2020,4,108,112,1144068000,합정동
1000486,2020,4,35,36,1144061000,염리동
1000487,2020,4,159,177,1144061000,염리동
1000488,2020,4,266,283,1144066000,서교동
1000489,2020,4,54,57,1144055500,아현동
1000490,2020,4,63,67,1144055500,아현동
1000491,2020,4,171,180,1144066000,서교동
1000492,2020,4,203,217,1144068000,합정동
1000493,2020,4,166,172,1144068000,합정동
1000494,2020,4,170,172,1144066000,서교동
1000495,2020,4,157,170,1144066000,서교동
1000496,2020,4,104,109,1144065500,서강동
1000497,2020,4,185,194,1144066000,서교동
1000498,2020,4,175,187,1144069000,망원제1동
1000499,2020,4,200,216,1144066000,서교동
1000500,2020,4,249,274,1144069000,망원제1동
1000501,2020,4,182,190,1144070000,망원제2동
1000502,2020,4,136,154,1144073000,성산제2동
1000503,2020,4,115,124,1144068000,합정동
1000504,2020,4,163,171,1144066000,서교동
1000505,2020,4,248,259,1144059000,용강동
1000506,2020,4,71,76,1144056500,공덕동
1000507,2020,4,39,43,1147058000,신월3동
1000508,2020,4,135,146,1147056000,신월1동
1000509,2020,4,79,85,1147056000,신월1동
1000510,2020,4,183,192,1147056000,신월1동
1000511,2020,4,131,139,1147056000,신월1동
1000512,2020,4,92,98,1147060000,신월5동
1000513,2020,4,143,157,1147058000,신월3동
1000514,2020,4,65,71,1147058000,신월3동
1000515,2020,4,145,157,1147061100,신월7동
1000516,2020,4,102,110,1147061000,신월6동
1000517,2020,4,85,101,1147064000,신정3동
1000518,2020,4,146,167,1147068000,신정7동
1000519,2020,4,295,325,1147051000,목1동
1000520,2020,4,154,175,1147063000,신정2동
1000521,2020,4,209,232,1147065000,신정4동
1000522,2020,4,393,416,1147065000,신정4동
1000523,2020,4,156,167,1147054000,목4동
1000524,2020,4,53,54,1147052000,목2동
1000525,2020,4,59,66,1147054000,목4동
1000526,2020,4,113,125,1147054000,목4동
1000527,2020,4,68,74,1147052000,목2동
1000528,2020,4,83,91,1147053000,목3동
1000529,2020,4,192,204,1147054000,목4동
1000530,2020,4,104,111,1147054000,목4동
1000531,2020,4,89,96,1147063000,신정2동
1000532,2020,4,163,179,1147063000,신정2동
1000533,2020,4,196,213,1147063000,신정2동
1000534,2020,4,183,203,1147059000,신월4동
1000535,2020,4,84,92,1147061000,신월6동
1000536,2020,4,95,98,1147065000,신정4동
1000537,2020,4,154,160,1147065000,신정4동
1000538,2020,4,69,73,1147059000,신월4동
1000539,2020,4,156,170,1147059000,신월4동
1000540,2020,4,159,182,1147062000,신정1동
1000541,2020,4,140,146,1147065000,신정4동
1000542,2020,4,78,82,1147064000,신정3동
1000543,2020,4,192,209,1147062000,신정1동
1000544,2020,4,138,145,1147062000,신정1동
1000545,2020,4,118,129,1147064000,신정3동
1000546,2020,4,45,46,1147064000,신정3동
1000547,2020,4,123,130,1147057000,신월2동
1000548,2020,4,63,64,1147057000,신월2동
1000549,2020,4,190,207,1147061100,신월7동
1000550,2020,4,103,109,1147060000,신월5동
1000551,2020,4,120,134,1147060000,신월5동
1000552,2020,4,105,109,1150054000,화곡제1동
1000553,2020,4,105,111,1150054000,화곡제1동
1000554,2020,4,193,209,1150054000,화곡제1동
1000555,2020,4,55,59,1150054000,화곡제1동
1000556,2020,4,163,176,1150059300,화곡제8동
1000557,2020,4,142,156,1150054000,화곡제1동
1000558,2020,4,96,104,1150056000,화곡제3동
1000559,2020,4,199,237,1150056000,화곡제3동
1000560,2020,4,112,122,1150056000,화곡제3동
1000561,2020,4,163,181,1150061100,발산제1동
1000562,2020,4,72,80,1150061100,발산제1동
1000563,2020,4,231,254,1150054000,화곡제1동
1000564,2020,4,141,154,1150054000,화곡제1동
1000565,2020,4,108,115,1150055000,화곡제2동
1000566,2020,4,217,230,1150059300,화곡제8동
1000567,2020,4,147,155,1150064000,방화제2동
1000568,2020,4,129,132,1150064000,방화제2동
1000569,2020,4,123,137,1150059300,화곡제8동
1000570,2020,4,88,101,1150055000,화곡제2동
1000571,2020,4,72,75,1150055000,화곡제2동
1000572,2020,4,72,78,1150057000,화곡제4동
1000573,2020,4,178,201,1150057000,화곡제4동
1000574,2020,4,83,87,1150061500,우장산동
1000575,2020,4,113,121,1150061500,우장산동
1000576,2020,4,121,134,1150052000,등촌제1동
1000577,2020,4,193,210,1150052000,등촌제1동
1000578,2020,4,121,141,1150051000,염창동
1000579,2020,4,102,114,1150051000,염창동
1000580,2020,4,171,188,1150062000,공항동
1000581,2020,4,92,94,1150055000,화곡제2동
1000582,2020,4,136,147,1150059000,화곡본동
1000583,2020,4,171,180,1150062000,공항동
1000584,2020,4,91,99,1150057000,화곡제4동
1000585,2020,4,137,153,1150053000,등촌제2동
1000586,2020,4,89,100,1150053000,등촌제2동
1000587,2020,4,89,99,1150053000,등촌제2동
1000588,2020,4,162,183,1150057000,화곡제4동
1000589,2020,4,137,150,1150062000,공항동
1000590,2020,4,199,209,1150062000,공항동
1000591,2020,4,156,170,1150064000,방화제2동
1000592,2020,4,186,202,1150063000,방화제1동
1000593,2020,4,116,128,1150063000,방화제1동
1000594,2020,4,121,139,1150063000,방화제1동
1000595,2020,4,91,99,1150060300,가양제1동
1000596,2020,4,126,143,1150051000,염창동
1000597,2020,4,169,187,1150051000,염창동
1000598,2020,4,141,155,1150061500,우장산동
1000599,2020,4,100,109,1150054000,화곡제1동
1000600,2020,4,156,175,1150059000,화곡본동
1000601,2020,4,69,73,1150059000,화곡본동
1000602,2020,4,73,77,1150063000,방화제1동
1000603,2020,4,174,188,1147060000,신월5동
1000604,2020,4,188,196,1150054000,화곡제1동
1000605,2020,4,240,252,1150061500,우장산동
1000606,2020,4,196,215,1150059100,화곡제6동
1000607,2020,4,97,104,1150059100,화곡제6동
1000608,2020,4,209,240,1150052000,등촌제1동
1000609,2020,4,71,79,1153076000,개봉제3동
1000610,2020,4,82,88,1153075000,개봉제2동
1000611,2020,4,66,77,1153075000,개봉제2동
1000612,2020,4,49,52,1153076000,개봉제3동
1000613,2020,4,116,135,1153075000,개봉제2동
1000614,2020,4,224,251,1153074000,개봉제1동
1000615,2020,4,170,184,1153076000,개봉제3동
1000616,2020,4,199,220,1153076000,개봉제3동
1000617,2020,4,99,109,1153077000,오류제1동
1000618,2020,4,100,108,1153074000,개봉제1동
1000619,2020,4,168,179,1153074000,개봉제1동
1000620,2020,4,193,248,1153072000,고척제1동
1000621,2020,4,152,170,1153074000,개봉제1동
1000622,2020,4,125,129,1153074000,개봉제1동
1000623,2020,4,87,96,1153073000,고척제2동
1000624,2020,4,74,81,1153072000,고척제1동
1000625,2020,4,114,122,1153056000,구로제5동
1000626,2020,4,83,85,1153053000,구로제2동
1000627,2020,4,138,145,1153053000,구로제2동
1000628,2020,4,105,110,1153053000,구로제2동
1000629,2020,4,69,76,1153053000,구로제2동
1000630,2020,4,144,150,1153053000,구로제2동
1000631,2020,4,133,137,1153059500,가리봉동
1000632,2020,4,198,206,1153055000,구로제4동
1000633,2020,4,150,155,1153053000,구로제2동
1000634,2020,4,203,221,1153056000,구로제5동
1000635,2020,4,62,65,1153056000,구로제5동
1000636,2020,4,68,71,1153051000,신도림동
1000637,2020,4,141,153,1153055000,구로제4동
1000638,2020,4,177,190,1153055000,구로제4동
1000639,2020,4,77,102,1153075000,개봉제2동
1000640,2020,4,101,109,1153054000,구로제3동
1000641,2020,4,133,142,1153059500,가리봉동
1000642,2020,4,91,96,1153059500,가리봉동
1000643,2020,4,200,232,1153054000,구로제3동
1000644,2020,4,379,440,1153054000,구로제3동
1000645,2020,4,77,84,1153079000,수궁동
1000646,2020,4,116,125,1153079000,수궁동
1000647,2020,4,97,106,1153079000,수궁동
1000648,2020,4,142,160,1153056000,구로제5동
1000649,2020,4,36,39,1153051000,신도림동
1000650,2020,4,212,227,1153078000,오류제2동
1000651,2020,4,55,58,1153059500,가리봉동
1000652,2020,4,94,99,1153073000,고척제2동
1000653,2020,4,328,363,1153072000,고척제1동
1000654,2020,4,95,103,1154561000,독산제1동
1000655,2020,4,160,169,1154551000,가산동
1000656,2020,4,100,108,1154567000,시흥제1동
1000657,2020,4,96,101,1154561000,독산제1동
1000658,2020,4,73,80,1154571000,시흥제5동
1000659,2020,4,159,168,1154551000,가산동
1000660,2020,4,160,174,1154563000,독산제3동
1000661,2020,4,142,154,1154570000,시흥제4동
1000662,2020,4,73,80,1154570000,시흥제4동
1000663,2020,4,111,121,1154562000,독산제2동
1000664,2020,4,81,87,1154564000,독산제4동
1000665,2020,4,113,121,1154564000,독산제4동
1000666,2020,4,94,104,1154563000,독산제3동
1000667,2020,4,91,95,1154563000,독산제3동
1000668,2020,4,86,94,1154561000,독산제1동
1000669,2020,4,84,87,1154561000,독산제1동
1000670,2020,4,103,112,1154551000,가산동
1000671,2020,4,175,199,1154564000,독산제4동
1000672,2020,4,105,108,1154563000,독산제3동
1000673,2020,4,184,196,1154561000,독산제1동
1000674,2020,4,255,265,1154563000,독산제3동
1000675,2020,4,74,84,1154551000,가산동
1000676,2020,4,115,123,1154569000,시흥제3동
1000677,2020,4,68,77,1154569000,시흥제3동
1000678,2020,4,79,88,1154567000,시흥제1동
1000679,2020,4,167,186,1154567000,시흥제1동
1000680,2020,4,97,104,1154567000,시흥제1동
1000681,2020,4,56,59,1154562000,독산제2동
1000682,2020,4,201,211,1154562000,독산제2동
1000683,2020,4,99,105,1156065000,신길제3동
1000684,2020,4,174,179,1156060500,문래동
1000685,2020,4,101,103,1156060500,문래동
1000686,2020,4,45,47,1156060500,문래동
1000687,2020,4,196,211,1156053500,영등포동
1000688,2020,4,191,213,1156055000,당산제1동
1000689,2020,4,179,201,1156056000,당산제2동
1000690,2020,4,172,187,1156056000,당산제2동
1000691,2020,4,198,209,1156056000,당산제2동
1000692,2020,4,123,128,1156070000,대림제1동
1000693,2020,4,518,542,1156072000,대림제3동
1000694,2020,4,150,155,1156072000,대림제3동
1000695,2020,4,150,158,1156072000,대림제3동
1000696,2020,4,143,147,1156072000,대림제3동
1000697,2020,4,136,138,1156071000,대림제2동
1000698,2020,4,159,174,1156070000,대림제1동
1000699,2020,4,67,73,1156058500,도림동
1000700,2020,4,128,131,1156060500,문래동
1000701,2020,4,41,45,1156067000,신길제5동
1000702,2020,4,132,145,1156071000,대림제2동
1000703,2020,4,119,129,1156058500,도림동
1000704,2020,4,107,116,1156058500,도림동
1000705,2020,4,117,126,1156063000,신길제1동
1000706,2020,4,64,71,1156063000,신길제1동
1000707,2020,4,258,266,1156071000,대림제2동
1000708,2020,4,187,193,1156071000,대림제2동
1000709,2020,4,53,56,1156070000,대림제1동
1000710,2020,4,218,235,1156062000,양평제2동
1000711,2020,4,84,85,1156061000,양평제1동
1000712,2020,4,200,220,1156061000,양평제1동
1000713,2020,4,75,81,1156061000,양평제1동
1000714,2020,4,85,90,1156067000,신길제5동
1000715,2020,4,55,59,1156065000,신길제3동
1000716,2020,4,43,46,1156063000,신길제1동
1000717,2020,4,51,55,1156066000,신길제4동
1000718,2020,4,108,115,1156051500,영등포본동
1000719,2020,4,300,344,1156062000,양평제2동
1000720,2020,4,121,130,1156062000,양평제2동
1000721,2020,4,136,150,1156062000,양평제2동
1000722,2020,4,123,134,1156068000,신길제6동
1000723,2020,4,127,136,1156069000,신길제7동
1000724,2020,4,114,119,1156069000,신길제7동
1000725,2020,4,59,60,1156063000,신길제1동
1000726,2020,4,202,214,1156055000,당산제1동
1000727,2020,4,225,233,1156055000,당산제1동
1000728,2020,4,213,222,1156053500,영등포동
1000729,2020,4,43,46,1156051500,영등포본동
1000730,2020,4,69,72,1156063000,신길제1동
1000731,2020,4,143,161,1156063000,신길제1동
1000732,2020,4,109,128,1156051500,영등포본동
1000733,2020,4,157,173,1159055000,상도제3동
1000734,2020,4,42,47,1159068000,신대방제2동
1000735,2020,4,77,83,1159055000,상도제3동
1000736,2020,4,36,39,1159052000,노량진제2동
1000737,2020,4,144,153,1159066000,대방동
1000738,2020,4,111,126,1159066000,대방동
1000739,2020,4,167,185,1159062000,사당제1동
1000740,2020,4,70,76,1159063000,사당제2동
1000741,2020,4,164,173,1159063000,사당제2동
1000742,2020,4,74,82,1159063000,사당제2동
1000743,2020,4,268,297,1159062000,사당제1동
1000744,2020,4,169,175,1159066000,대방동
1000745,2020,4,73,83,1159051000,노량진제1동
1000746,2020,4,116,126,1159051000,노량진제1동
1000747,2020,4,83,93,1159065000,사당제4동
1000748,2020,4,125,133,1159065000,사당제4동
1000749,2020,4,80,84,1159062000,사당제1동
1000750,2020,4,60,68,1159064000,사당제3동
1000751,2020,4,41,42,1159064000,사당제3동
1000752,2020,4,80,84,1159062000,사당제1동
1000753,2020,4,102,114,1159064000,사당제3동
1000754,2020,4,100,109,1159065100,사당제5동
1000755,2020,4,127,138,1159062000,사당제1동
1000756,2020,4,102,110,1159065100,사당제5동
1000757,2020,4,180,194,1159054000,상도제2동
1000758,2020,4,154,170,1159053000,상도제1동
1000759,2020,4,84,91,1159053000,상도제1동
1000760,2020,4,158,210,1159053000,상도제1동
1000761,2020,4,155,180,1159053000,상도제1동
1000762,2020,4,31,32,1159060500,흑석동
1000763,2020,4,33,37,1159060500,흑석동
1000764,2020,4,105,118,1159060500,흑석동
1000765,2020,4,76,80,1159060500,흑석동
1000766,2020,4,118,130,1159056000,상도제4동
1000767,2020,4,27,30,1159056000,상도제4동
1000768,2020,4,252,273,1159067000,신대방제1동
1000769,2020,4,91,102,1159056000,상도제4동
1000770,2020,4,49,52,1159068000,신대방제2동
1000771,2020,4,48,54,1159068000,신대방제2동
1000772,2020,4,95,104,1159068000,신대방제2동
1000773,2020,4,150,161,1159066000,대방동
1000774,2020,4,81,92,1159066000,대방동
1000775,2020,4,141,153,1159054000,상도제2동
1000776,2020,4,67,70,1159052000,노량진제2동
1000777,2020,4,91,100,1159052000,노량진제2동
1000778,2020,4,70,84,1159060500,흑석동
1000779,2020,4,100,129,1159060500,흑석동
1000780,2020,4,93,102,1162058500,낙성대동
1000781,2020,4,149,165,1162058500,낙성대동
1000782,2020,4,64,71,1162057500,행운동
1000783,2020,4,187,204,1162054500,청림동
1000784,2020,4,67,74,1162068500,신사동
1000785,2020,4,113,126,1162069500,신림동
1000786,2020,4,76,86,1162056500,성현동
1000787,2020,4,77,81,1162060500,은천동
1000788,2020,4,131,142,1162062500,인헌동
1000789,2020,4,44,49,1162077500,난곡동
1000790,2020,4,71,77,1162077500,난곡동
1000791,2020,4,106,120,1162077500,난곡동
1000792,2020,4,85,95,1162068500,신사동
1000793,2020,4,142,158,1162076500,미성동
1000794,2020,4,66,70,1162071500,난향동
1000795,2020,4,133,142,1162076500,미성동
1000796,2020,4,214,239,1162068500,신사동
1000797,2020,4,194,206,1162068500,신사동
1000798,2020,4,134,143,1162076500,미성동
1000799,2020,4,110,119,1162058500,낙성대동
1000800,2020,4,131,146,1162062500,인헌동
1000801,2020,4,135,142,1162063000,남현동
1000802,2020,4,88,101,1162063000,남현동
1000803,2020,4,75,79,1162063000,남현동
1000804,2020,4,192,210,1162052500,보라매동
1000805,2020,4,35,35,1162073500,대학동
1000806,2020,4,147,168,1162073500,대학동
1000807,2020,4,65,71,1162076500,미성동
1000808,2020,4,44,46,1162077500,난곡동
1000809,2020,4,103,118,1162077500,난곡동
1000810,2020,4,61,68,1162066500,서림동
1000811,2020,4,42,47,1162052500,보라매동
1000812,2020,4,132,142,1162060500,은천동
1000813,2020,4,53,59,1162066500,서림동
1000814,2020,4,66,72,1162063000,남현동
1000815,2020,4,194,212,1162069500,신림동
1000816,2020,4,110,125,1162073500,대학동
1000817,2020,4,168,181,1162066500,서림동
1000818,2020,4,84,92,1162066500,서림동
1000819,2020,4,76,87,1162064500,서원동
1000820,2020,4,137,150,1162069500,신림동
1000821,2020,4,108,120,1162069500,신림동
1000822,2020,4,35,37,1162068500,신사동
1000823,2020,4,141,153,1162065500,신원동
1000824,2020,4,73,80,1162061500,중앙동
1000825,2020,4,110,121,1162056500,성현동
1000826,2020,4,83,94,1162062500,인헌동
1000827,2020,4,273,294,1162059500,청룡동
1000828,2020,4,115,124,1162059500,청룡동
1000829,2020,4,231,247,1162072500,조원동
1000830,2020,4,236,243,1162072500,조원동
1000831,2020,4,179,200,1162072500,조원동
1000832,2020,4,117,127,1162061500,중앙동
1000833,2020,4,91,97,1162059500,청룡동
1000834,2020,4,229,252,1162059500,청룡동
1000835,2020,4,103,113,1162054500,청림동
1000836,2020,4,128,137,1162057500,행운동
1000837,2020,4,185,205,1162057500,행운동
1000838,2020,4,112,120,1162073500,대학동
1000839,2020,4,407,458,1162073500,대학동
1000840,2020,4,66,68,1162074500,삼성동
1000841,2020,4,39,39,1162074500,삼성동
1000842,2020,4,62,65,1162074500,삼성동
1000843,2020,4,47,53,1162059500,청룡동
1000844,2020,4,172,181,1165065100,양재1동
1000845,2020,4,206,218,1165065100,양재1동
1000846,2020,4,334,360,1165065200,양재2동
1000847,2020,4,339,389,1165058100,반포4동
1000848,2020,4,229,245,1165053000,서초3동
1000849,2020,4,214,242,1165053000,서초3동
1000850,2020,4,187,196,1165051000,서초1동
1000851,2020,4,154,165,1165065200,양재2동
1000852,2020,4,259,272,1165065100,양재1동
1000853,2020,4,121,128,1165062100,방배4동
1000854,2020,4,218,230,1165059000,방배본동
1000855,2020,4,127,133,1165058100,반포4동
1000856,2020,4,154,163,1165065200,양재2동
1000857,2020,4,169,179,1165065200,양재2동
1000858,2020,4,199,206,1165061000,방배2동
1000859,2020,4,231,255,1165065200,양재2동
1000860,2020,4,159,168,1165065100,양재1동
1000861,2020,4,131,143,1165053000,서초3동
1000862,2020,4,91,95,1165060000,방배1동
1000863,2020,4,216,227,1165059000,방배본동
1000864,2020,4,154,161,1165059000,방배본동
1000865,2020,4,162,174,1165051000,서초1동
1000866,2020,4,240,261,1165058100,반포4동
1000867,2020,4,135,146,1165058100,반포4동
1000868,2020,4,78,83,1165056000,반포1동
1000869,2020,4,95,100,1165062100,방배4동
1000870,2020,4,221,236,1165062100,방배4동
1000871,2020,4,255,279,1165062100,방배4동
1000872,2020,4,163,179,1165061000,방배2동
1000873,2020,4,73,77,1165051000,서초1동
1000874,2020,4,22,23,1165061000,방배2동
1000875,2020,4,181,191,1165054000,잠원동
1000876,2020,4,206,209,1165065200,양재2동
1000877,2020,4,134,146,1165056000,반포1동
1000878,2020,4,106,113,1165056000,반포1동
1000879,2020,4,164,177,1165061000,방배2동
1000880,2020,4,112,119,1165060000,방배1동
1000881,2020,4,137,146,1165060000,방배1동
1000882,2020,4,129,137,1165062000,방배3동
1000883,2020,4,124,136,1165052000,서초2동
1000884,2020,4,152,161,1165059000,방배본동
1000885,2020,4,171,176,1165051000,서초1동
1000886,2020,4,107,121,1168052100,논현1동
1000887,2020,4,172,175,1168052100,논현1동
1000888,2020,4,78,82,1168052100,논현1동
1000889,2020,4,170,179,1168069000,개포4동
1000890,2020,4,215,228,1168069000,개포4동
1000891,2020,4,153,159,1168069000,개포4동
1000892,2020,4,147,164,1168067000,개포2동
1000893,2020,4,148,162,1168065500,도곡1동
1000894,2020,4,194,208,1168064000,역삼1동
1000895,2020,4,154,166,1168069000,개포4동
1000896,2020,4,239,256,1168052100,논현1동
1000897,2020,4,97,102,1168052100,논현1동
1000898,2020,4,203,208,1168052100,논현1동
1000899,2020,4,93,95,1168051000,신사동
1000900,2020,4,254,268,1168065600,도곡2동
1000901,2020,4,141,157,1168065600,도곡2동
1000902,2020,4,247,265,1168064000,역삼1동
1000903,2020,4,203,219,1168069000,개포4동
1000904,2020,4,399,421,1168065000,역삼2동
1000905,2020,4,116,120,1168051000,신사동
1000906,2020,4,127,131,1168051000,신사동
1000907,2020,4,210,217,1168053100,논현2동
1000908,2020,4,134,140,1168053100,논현2동
1000909,2020,4,113,118,1168053100,논현2동
1000910,2020,4,195,198,1168056500,청담동
1000911,2020,4,203,212,1168056500,청담동
1000912,2020,4,52,54,1168058000,삼성1동
1000913,2020,4,255,279,1168053100,논현2동
1000914,2020,4,326,350,1168053100,논현2동
1000915,2020,4,99,101,1168059000,삼성2동
1000916,2020,4,131,137,1168059000,삼성2동
1000917,2020,4,203,220,1168059000,삼성2동
1000918,2020,4,122,126,1168056500,청담동
1000919,2020,4,131,141,1168060000,대치1동
1000920,2020,4,236,249,1168063000,대치4동
1000921,2020,4,144,150,1168061000,대치2동
1000922,2020,4,315,338,1168063000,대치4동
1000923,2020,4,158,175,1168063000,대치4동
1000924,2020,4,105,117,1168053100,논현2동
1000925,2020,4,258,268,1168056500,청담동
1000926,2020,4,190,199,1168053100,논현2동
1000927,2020,4,319,333,1168056500,청담동
1000928,2020,4,171,187,1168067000,개포2동
1000929,2020,4,188,192,1168051000,신사동
1000930,2020,4,435,458,1168065000,역삼2동
1000931,2020,4,200,223,1168058000,삼성1동
1000932,2020,4,135,140,1168061000,대치2동
1000933,2020,4,188,204,1168073000,일원1동
1000934,2020,4,188,221,1168073000,일원1동
1000935,2020,4,251,275,1168058000,삼성1동
1000936,2020,4,194,205,1168053100,논현2동
1000937,2020,4,261,286,1168059000,삼성2동
1000938,2020,4,157,161,1168052100,논현1동
1000939,2020,4,187,198,1168056500,청담동
1000940,2020,4,215,240,1171055000,마천2동
1000941,2020,4,269,300,1171063200,가락2동
1000942,2020,4,214,224,1171055000,마천2동
1000943,2020,4,236,259,1171061000,삼전동
1000944,2020,4,268,298,1171061000,삼전동
1000945,2020,4,305,329,1171061000,삼전동
1000946,2020,4,219,235,1171061000,삼전동
1000947,2020,4,228,246,1171060000,석촌동
1000948,2020,4,236,252,1171060000,석촌동
1000949,2020,4,205,228,1171060000,석촌동
1000950,2020,4,182,195,1171058000,송파1동
1000951,2020,4,327,352,1171058000,송파1동
1000952,2020,4,270,292,1171058000,송파1동
1000953,2020,4,227,247,1171056200,방이2동
1000954,2020,4,423,481,1171065000,잠실본동
1000955,2020,4,232,249,1171063200,가락2동
1000956,2020,4,262,279,1171064100,문정1동
1000957,2020,4,242,253,1171064100,문정1동
1000958,2020,4,367,419,1171062000,가락본동
1000959,2020,4,198,214,1171062000,가락본동
1000960,2020,4,264,292,1171062000,가락본동
1000961,2020,4,317,349,1171056100,방이1동
1000962,2020,4,266,299,1171057000,오금동
1000963,2020,4,298,325,1171056200,방이2동
1000964,2020,4,249,273,1171062000,가락본동
1000965,2020,4,224,244,1171063200,가락2동
1000966,2020,4,134,139,1171051000,풍납1동
1000967,2020,4,281,305,1174066000,성내제3동
1000968,2020,4,168,187,1174057000,암사제1동
1000969,2020,4,48,60,1174059000,암사제3동
1000970,2020,4,109,130,1174055000,고덕제1동
1000971,2020,4,107,113,1174060000,천호제1동
1000972,2020,4,187,195,1174061000,천호제2동
1000973,2020,4,119,135,1174060000,천호제1동
1000974,2020,4,216,238,1174054000,명일제2동
1000975,2020,4,82,89,1174056000,고덕제2동
1000976,2020,4,152,171,1174055000,고덕제1동
1000977,2020,4,146,161,1174070000,둔촌제2동
1000978,2020,4,166,185,1174061000,천호제2동
1000979,2020,4,195,218,1174061000,천호제2동
1000980,2020,4,247,266,1174053000,명일제1동
1000981,2020,4,197,228,1174058000,암사제2동
1000982,2020,4,165,183,1174052000,
1000983,2020,4,267,302,1174064000,성내제1동
1000984,2020,4,212,226,1174064000,성내제1동
1000985,2020,4,157,167,1174057000,암사제1동
1000986,2020,4,292,312,1174066000,성내제3동
1000987,2020,4,79,88,1174068500,길동
1000988,2020,4,240,255,1174068500,길동
1000989,2020,4,144,155,1174060000,천호제1동
1000990,2020,4,225,244,1174066000,성내제3동
1000991,2020,4,180,195,1174066000,성내제3동
1000992,2020,4,131,146,1174070000,둔촌제2동
1000993,2020,4,304,327,1174064000,성내제1동
1000994,2020,4,93,95,1174061000,천호제2동
1000995,2020,4,91,99,1174061000,천호제2동
1000996,2020,4,82,87,1174061000,천호제2동
1000997,2020,4,128,134,1174061000,천호제2동
1000998,2020,4,139,146,1174057000,암사제1동
1000999,2020,4,214,234,1174062000,천호제3동
1001000,2020,4,154,166,1174068500,길동
1001001,2020,4,156,169,1174060000,천호제1동
1001002,2020,4,253,269,1174053000,명일제1동
1001003,2020,4,109,122,1174065000,성내제2동
1001004,2020,4,196,210,1174065000,성내제2동
1001005,2020,4,148,157,1174068500,길동
1001006,2020,4,130,146,1174068500,길동
1001007,2020,4,166,178,1174052000,
1001008,2020,4,154,169,1174065000,성내제2동
1001009,2020,4,183,194,1174065000,성내제2동
1001010,2020,4,87,91,1174065000,성내제2동
1001011,2020,4,438,501,1154567000,시흥제1동
1001012,2020,4,165,172,1165065200,양재2동
1001013,2020,4,163,172,1165065200,양재2동
1001014,2020,4,392,392,1165065200,양재2동
1001015,2020,4,526,606,1154561000,독산제1동
1001016,2020,4,191,219,1162073500,대학동
1001017,2020,4,206,262,1162063000,남현동
1001018,2020,4,639,685,1165065200,양재2동
1001019,2020,4,129,137,1168069000,개포4동
1001020,2020,4,1141,1200,1171064200,문정2동
1001021,2020,4,644,691,1154551000,가산동
1001022,2020,4,362,391,1159062000,사당제1동
1001023,2020,4,1040,1146,1154551000,가산동
1001024,2020,4,389,447,1165061000,방배2동
1001025,2020,4,1055,1187,1162059500,청룡동
1001026,2020,4,144,146,1153059500,가리봉동
1001027,2020,4,2199,2431,1154551000,가산동
1001028,2020,4,121,135,1162057500,행운동
1001029,2020,4,113,132,1165065100,양재1동
1001030,2020,4,298,343,1165065100,양재1동
1001031,2020,4,415,516,1162064500,서원동
1001032,2020,4,267,306,1162064500,서원동
1001033,2020,4,649,674,1165051000,서초1동
1001034,2020,4,485,578,1165060000,방배1동
1001035,2020,4,191,208,1168065600,도곡2동
1001036,2020,4,43,49,1171064100,문정1동
1001037,2020,4,348,391,1168065500,도곡1동
1001038,2020,4,1578,1785,1153054000,구로제3동
1001039,2020,4,774,821,1165053000,서초3동
1001040,2020,4,242,278,1162069500,신림동
1001041,2020,4,606,699,1168075000,수서동
1001042,2020,4,243,269,1165051000,서초1동
1001043,2020,4,323,356,1165062100,방배4동
1001044,2020,4,586,629,1165052000,서초2동
1001045,2020,4,504,577,1159063000,사당제2동
1001046,2020,4,495,542,1162069500,신림동
1001047,2020,4,183,191,1168065500,도곡1동
1001048,2020,4,672,706,1165052000,서초2동
1001049,2020,4,330,360,1153076000,개봉제3동
1001050,2020,4,2112,2238,1165053000,서초3동
1001051,2020,4,629,720,1159068000,신대방제2동
1001052,2020,4,775,824,1168064000,역삼1동
1001053,2020,4,133,158,1168060000,대치1동
1001054,2020,4,342,377,1168060000,대치1동
1001055,2020,4,526,532,1165053000,서초3동
1001056,2020,4,588,628,1171062000,가락본동
1001057,2020,4,635,704,1165051000,서초1동
1001058,2020,4,437,466,1168064000,역삼1동
1001059,2020,4,802,816,1165053000,서초3동
1001060,2020,4,1417,1419,1171063100,가락1동
1001061,2020,4,217,241,1165059000,방배본동
1001062,2020,4,939,1024,1165052000,서초2동
1001063,2020,4,966,1017,1165053100,서초4동
1001064,2020,4,136,152,1153055000,구로제4동
1001065,2020,4,143,169,1168060000,대치1동
1001066,2020,4,1459,1593,1168064000,역삼1동
1001067,2020,4,378,415,1153077000,오류제1동
1001068,2020,4,138,166,1168061000,대치2동
1001069,2020,4,91,102,1168063000,대치4동
1001070,2020,4,110,123,1168061000,대치2동
1001071,2020,4,631,730,1168063000,대치4동
1001072,2020,4,272,316,1159055000,상도제3동
1001073,2020,4,1479,1610,1168064000,역삼1동
1001074,2020,4,287,309,1153056000,구로제5동
1001075,2020,4,198,213,1168065000,역삼2동
1001076,2020,4,301,333,1153056000,구로제5동
1001077,2020,4,601,650,1168065000,역삼2동
1001078,2020,4,1230,1378,1165053100,서초4동
1001079,2020,4,23,28,1171060000,석촌동
1001080,2020,4,77,83,1171058000,송파1동
1001081,2020,4,619,694,1168064000,역삼1동
1001082,2020,4,1356,1494,1168063000,대치4동
1001083,2020,4,89,102,1171058000,송파1동
1001084,2020,4,406,450,1168059000,삼성2동
1001085,2020,4,2553,2813,1168064000,역삼1동
1001086,2020,4,1038,1140,1165058100,반포4동
1001087,2020,4,1099,1183,1168064000,역삼1동
1001088,2020,4,779,858,1168061000,대치2동
1001089,2020,4,112,121,1168064000,역삼1동
1001090,2020,4,193,210,1168053100,논현2동
1001091,2020,4,120,152,1168061000,대치2동
1001092,2020,4,671,731,1165056000,반포1동
1001093,2020,4,1038,1205,1171065000,잠실본동
1001094,2020,4,147,157,1168059000,삼성2동
1001095,2020,4,1398,1511,1168052100,논현1동
1001096,2020,4,1148,1290,1153051000,신도림동
1001097,2020,4,625,685,1171068000,잠실3동
1001098,2020,4,666,729,1168059000,삼성2동
1001099,2020,4,484,538,1168058000,삼성1동
1001100,2020,4,119,130,1168052100,논현1동
1001101,2020,4,333,360,1168059000,삼성2동
1001102,2020,4,174,179,1168052100,논현1동
1001103,2020,4,862,965,1168058000,삼성1동
1001104,2020,4,268,291,1168058000,삼성1동
1001105,2020,4,401,483,1159051000,노량진제1동
1001106,2020,4,110,123,1168053100,논현2동
1001107,2020,4,687,770,1171056200,방이2동
1001108,2020,4,107,117,1168052100,논현1동
1001109,2020,4,649,700,1165054000,잠원동
1001110,2020,4,370,440,1171071000,잠실6동
1001111,2020,4,485,528,1168053100,논현2동
1001112,2020,4,256,276,1168053100,논현2동
1001113,2020,4,188,203,1159051000,노량진제1동
1001114,2020,4,264,275,1165054000,잠원동
1001115,2020,4,358,398,1168053100,논현2동
1001116,2020,4,25,31,1156053500,영등포동
1001117,2020,4,593,624,1168052100,논현1동
1001118,2020,4,260,294,1156060500,문래동
1001119,2020,4,418,480,1156053500,영등포동
1001120,2020,4,282,295,1168054500,압구정동
1001121,2020,4,108,112,1156053500,영등포동
1001122,2020,4,283,296,1156054000,여의동
1001123,2020,4,364,396,1168053100,논현2동
1001124,2020,4,253,258,1156053500,영등포동
1001125,2020,4,158,160,1168056500,청담동
1001126,2020,4,38,40,1147065000,신정4동
1001127,2020,4,1354,1475,1156054000,여의동
1001128,2020,4,91,95,1168056500,청담동
1001129,2020,4,161,168,1168056500,청담동
1001130,2020,4,144,164,1168056500,청담동
1001131,2020,4,184,202,1168056500,청담동
1001132,2020,4,382,394,1156055000,당산제1동
1001133,2020,4,246,266,1168056500,청담동
1001134,2020,4,690,806,1156054000,여의동
1001135,2020,4,2804,3051,1168051000,신사동
1001136,2020,4,128,158,1147051000,목1동
1001137,2020,4,260,286,1174066000,성내제3동
1001138,2020,4,852,894,1168056500,청담동
1001139,2020,4,378,421,1156055000,당산제1동
1001140,2020,4,1015,1085,1168054500,압구정동
1001141,2020,4,1859,1969,1168054500,압구정동
1001142,2020,4,157,176,1156054000,여의동
1001143,2020,4,181,200,1117062500,한강로동
1001144,2020,4,731,823,1156054000,여의동
1001145,2020,4,1370,1461,1117062500,한강로동
1001146,2020,4,47,48,1117065000,이태원제1동
1001147,2020,4,950,954,1117062500,한강로동
1001148,2020,4,69,79,1147054000,목4동
1001149,2020,4,236,271,1117068500,한남동
1001150,2020,4,629,675,1117065000,이태원제1동
1001151,2020,4,631,637,1117057000,원효로제2동
1001152,2020,4,1072,1109,1121587000,구의제3동
1001153,2020,4,220,258,1156062000,양평제2동
1001154,2020,4,151,161,1117056000,원효로제1동
1001155,2020,4,1002,1017,1117056000,원효로제1동
1001156,2020,4,590,680,1174068500,길동
1001157,2020,4,110,123,1174065000,성내제2동
1001158,2020,4,213,243,1156056000,당산제2동
1001159,2020,4,147,171,1171051000,풍납1동
1001160,2020,4,529,585,1121585000,구의제1동
1001161,2020,4,108,140,1121584000,자양제3동
1001162,2020,4,260,308,1121584700,자양제4동
1001163,2020,4,1366,1515,1174061000,천호제2동
1001164,2020,4,382,433,1144058500,도화동
1001165,2020,4,610,733,1121571000,화양동
1001166,2020,4,684,741,1144059000,용강동
1001167,2020,4,146,167,1144056500,공덕동
1001168,2020,4,223,260,1117053000,남영동
1001169,2020,4,354,392,1117052000,용산2가동
1001170,2020,4,189,202,1144055500,아현동
1001171,2020,4,30,35,1144055500,아현동
1001172,2020,4,164,194,1121573000,군자동
1001173,2020,4,483,571,1174053000,명일제1동
1001174,2020,4,125,143,1147053000,목3동
1001175,2020,4,565,670,1174054000,명일제2동
1001176,2020,4,25,29,1114063500,약수동
1001177,2020,4,162,181,1114062500,다산동
1001178,2020,4,286,301,1144066000,서교동
1001179,2020,4,513,577,1150059100,화곡제6동
1001180,2020,4,490,538,1144060000,대흥동
1001181,2020,4,357,411,1121573000,군자동
1001182,2020,4,3736,4149,1144066000,서교동
1001183,2020,4,202,216,1144066000,서교동
1001184,2020,4,255,277,1144066000,서교동
1001185,2020,4,1481,1720,1141058500,신촌동
1001186,2020,4,937,1033,1141058500,신촌동
1001187,2020,4,223,288,1120055000,사근동
1001188,2020,4,97,108,1114058000,장충동
1001189,2020,4,338,366,1114055000,명동
1001190,2020,4,575,585,1120079000,용답동
1001191,2020,4,17,21,1120056000,행당제1동
1001192,2020,4,396,460,1114057000,필동
1001193,2020,4,241,276,1123065000,장안제1동
1001194,2020,4,362,428,1150053500,등촌제3동
1001195,2020,4,154,167,1120053500,왕십리도선동
1001196,2020,4,451,517,1114052000,소공동
1001197,2020,4,520,529,1123065000,장안제1동
1001198,2020,4,270,306,1150062000,공항동
1001199,2020,4,913,972,1114057000,필동
1001200,2020,4,569,638,1114052000,소공동
1001201,2020,4,383,412,1114065000,신당제5동
1001202,2020,4,768,808,1114052000,소공동
1001203,2020,4,1918,2193,1114055000,명동
1001204,2020,4,705,748,1114060500,을지로동
1001205,2020,4,1216,1257,1114059000,광희동
1001206,2020,4,242,280,1141056500,충현동
1001207,2020,4,2051,2069,1114061500,신당동
1001208,2020,4,792,816,1114060500,을지로동
1001209,2020,4,755,824,1114055000,명동
1001210,2020,4,446,504,1114052000,소공동
1001211,2020,4,908,953,1114059000,광희동
1001212,2020,4,139,156,1111058000,교남동
1001213,2020,4,604,724,1111061500,종로1.2.3.4가동
1001214,2020,4,111,124,1111061500,종로1.2.3.4가동
1001215,2020,4,322,354,1111053000,사직동
1001216,2020,4,412,460,1111061500,종로1.2.3.4가동
1001217,2020,4,80,82,1111063000,종로5.6가동
1001218,2020,4,178,182,1111063000,종로5.6가동
1001219,2020,4,61,65,1111068000,창신제2동
1001220,2020,4,859,876,1111067000,창신제1동
1001221,2020,4,603,684,1123066000,장안제2동
1001222,2020,4,152,160,1111067000,창신제1동
1001223,2020,4,1256,1349,1111053000,사직동
1001224,2020,4,112,119,1123053600,용신동
1001225,2020,4,144,155,1111071000,숭인제2동
1001226,2020,4,593,642,1111063000,종로5.6가동
1001227,2020,4,1759,1887,1111061500,종로1.2.3.4가동
1001228,2020,4,499,530,1111063000,종로5.6가동
1001229,2020,4,302,309,1111061500,종로1.2.3.4가동
1001230,2020,4,1954,2035,1111061500,종로1.2.3.4가동
1001231,2020,4,227,248,1123053600,용신동
1001232,2020,4,1164,1228,1111061500,종로1.2.3.4가동
1001233,2020,4,1177,1187,1111061500,종로1.2.3.4가동
1001234,2020,4,199,224,1111053000,사직동
1001235,2020,4,127,146,1111060000,가회동
1001236,2020,4,126,143,1111054000,삼청동
1001237,2020,4,180,194,1111053000,사직동
1001238,2020,4,719,767,1123056000,전농제1동
1001239,2020,4,542,695,1144074000,상암동
1001240,2020,4,295,371,1111064000,이화동
1001241,2020,4,135,152,1111065000,혜화동
1001242,2020,4,463,542,1111065000,혜화동
1001243,2020,4,111,135,1129060000,안암동
1001244,2020,4,215,264,1123071000,회기동
1001245,2020,4,631,748,1129057500,동선동
1001246,2020,4,52,60,1129071500,월곡제1동
1001247,2020,4,229,243,1129068500,길음제2동
1001248,2020,4,510,547,1138057000,대조동
1001249,2020,4,135,143,1138052000,불광제1동
1001250,2020,4,217,228,1138057000,대조동
1001251,2020,4,399,459,1130554500,송중동
1001252,2020,4,207,241,1129068500,길음제2동
1001253,2020,4,113,121,1138057000,대조동
1001254,2020,4,590,702,1138055100,갈현제1동
1001255,2020,4,75,79,1138053000,불광제2동
1001256,2020,4,326,363,1130559000,
1001257,2020,4,561,651,1130563000,
1001258,2020,4,348,387,1135062500,중계2.3동
1001259,2020,4,268,283,1130563000,
1001260,2020,4,616,691,1132051400,창제4동
1001261,2020,4,238,276,1135069500,상계6.7동
1001262,2020,4,159,181,1135069500,상계6.7동
1001263,2020,4,1017,1168,1135064000,상계2동
1001264,2020,4,139,140,1111051500,청운효자동
1001265,2020,4,516,519,1111061500,종로1.2.3.4가동
1001266,2020,4,371,384,1111063000,종로5.6가동
1001267,2020,4,304,306,1111063000,종로5.6가동
1001268,2020,4,41,42,1111063000,종로5.6가동
1001269,2020,4,35,36,1111067000,창신제1동
1001270,2020,4,133,136,1111068000,창신제2동
1001271,2020,4,197,203,1111071000,숭인제2동
1001272,2020,4,15,15,1111071000,숭인제2동
1001273,2020,4,3652,3713,1114054000,회현동
1001274,2020,4,698,703,1114059000,광희동
1001275,2020,4,132,135,1114059000,광희동
1001276,2020,4,1802,1851,1114059000,광희동
1001277,2020,4,531,539,1114060500,을지로동
1001278,2020,4,198,198,1114061500,신당동
1001279,2020,4,1563,1574,1114061500,신당동
1001280,2020,4,956,962,1114061500,신당동
1001281,2020,4,886,888,1114061500,신당동
1001282,2020,4,184,194,1114063500,약수동
1001283,2020,4,141,150,1114065000,신당제5동
1001284,2020,4,286,291,1114067000,황학동
1001285,2020,4,43,44,1114068000,중림동
1001286,2020,4,43,45,1117051000,후암동
1001287,2020,4,65,67,1117052000,용산2가동
1001288,2020,4,48,50,1117055500,청파동
1001289,2020,4,171,182,1117059000,용문동
1001290,2020,4,112,127,1117063000,이촌제1동
1001291,2020,4,167,171,1117065000,이태원제1동
1001292,2020,4,11,11,1117066000,이태원제2동
1001293,2020,4,22,23,1117070000,보광동
1001294,2020,4,913,915,1120054000,마장동
1001295,2020,4,249,275,1120056000,행당제1동
1001296,2020,4,94,96,1120061500,금호2.3가동
1001297,2020,4,168,174,1120067000,성수2가제1동
1001298,2020,4,151,174,1120079000,용답동
1001299,2020,4,30,36,1121571000,화양동
1001300,2020,4,86,93,1121571000,화양동
1001301,2020,4,225,230,1121574000,중곡제1동
1001302,2020,4,39,39,1121576000,중곡제3동
1001303,2020,4,78,83,1121577000,중곡제4동
1001304,2020,4,157,165,1121582000,자양제1동
1001305,2020,4,13,13,1121583000,자양제2동
1001306,2020,4,74,76,1121584700,자양제4동
1001307,2020,4,48,49,1121584000,자양제3동
1001308,2020,4,68,70,1121584700,자양제4동
1001309,2020,4,26,26,1121584700,자양제4동
1001310,2020,4,11,11,1121586000,구의제2동
1001311,2020,4,23,23,1123053600,용신동
1001312,2020,4,11,11,1123053600,용신동
1001313,2020,4,116,117,1123053600,용신동
1001314,2020,4,435,435,1123054500,제기동
1001315,2020,4,65,65,1123054500,제기동
1001316,2020,4,579,587,1123054500,제기동
1001317,2020,4,28,28,1123054500,제기동
1001318,2020,4,61,61,1123054500,제기동
1001319,2020,4,130,130,1123054500,제기동
1001320,2020,4,97,105,1123056000,전농제1동
1001321,2020,4,71,71,1123061000,답십리제2동
1001322,2020,4,26,28,1123060000,답십리제1동
1001323,2020,4,128,141,1123061000,답십리제2동
1001324,2020,4,44,49,1123066000,장안제2동
1001325,2020,4,163,164,1123054500,제기동
1001326,2020,4,144,156,1123071000,회기동
1001327,2020,4,29,30,1123072000,휘경제1동
1001328,2020,4,28,29,1123075000,이문제2동
1001329,2020,4,315,356,1126059000,상봉제2동
1001330,2020,4,408,435,1126056500,면목본동
1001331,2020,4,160,162,1126057000,면목제7동
1001332,2020,4,237,258,1126057500,면목제3.8동
1001333,2020,4,97,101,1126063000,묵제2동
1001334,2020,4,86,87,1126061000,중화제2동
1001335,2020,4,74,81,1126062000,묵제1동
1001336,2020,4,361,376,1126065500,망우본동
1001337,2020,4,5,5,1126066000,망우제3동
1001338,2020,4,143,148,1129055500,삼선동
1001339,2020,4,69,73,1129063000,정릉제2동
1001340,2020,4,223,241,1129064000,정릉제3동
1001341,2020,4,96,98,1129066000,길음제1동
1001342,2020,4,23,23,1129071500,월곡제1동
1001343,2020,4,120,123,1129077000,장위제2동
1001344,2020,4,2,2,1129078000,장위제3동
1001345,2020,4,18,18,1129081000,석관동
1001346,2020,4,13,14,1129081000,석관동
1001347,2020,4,103,108,1129081000,석관동
1001348,2020,4,66,69,1130553400,삼양동
1001349,2020,4,210,234,1130554500,송중동
1001350,2020,4,164,180,1130555500,송천동
1001351,2020,4,119,122,1130557500,삼각산동
1001352,2020,4,119,122,1130559000,
1001353,2020,4,333,335,1130561000,
1001354,2020,4,118,123,1130562000,
1001355,2020,4,118,119,1130563000,
1001356,2020,4,22,24,1130563000,
1001357,2020,4,120,125,1130564500,우이동
1001358,2020,4,6,6,1130566000,인수동
1001359,2020,4,187,201,1132051200,창제2동
1001360,2020,4,158,166,1132051300,창제3동
1001361,2020,4,36,41,1132052100,도봉제1동
1001362,2020,4,27,29,1132066000,쌍문제1동
1001363,2020,4,70,73,1132068000,쌍문제3동
1001364,2020,4,183,189,1132070000,방학제2동
1001365,2020,4,240,252,1135059500,공릉1동
1001366,2020,4,2,2,1135066500,상계3.4동
1001367,2020,4,218,229,1135067000,상계5동
1001368,2020,4,222,234,1138053000,불광제2동
1001369,2020,4,30,33,1138055100,갈현제1동
1001370,2020,4,17,17,1138055200,갈현제2동
1001371,2020,4,61,63,1138057000,대조동
1001372,2020,4,13,14,1138058000,응암제1동
1001373,2020,4,54,58,1138059000,응암제2동
1001374,2020,4,178,179,1138060000,응암제3동
1001375,2020,4,44,46,1138064000,증산동
1001376,2020,4,56,58,1138065000,수색동
1001377,2020,4,136,143,1141052000,천연동
1001378,2020,4,82,85,1141055500,북아현동
1001379,2020,4,194,199,1141064000,홍제제3동
1001380,2020,4,67,75,1141066000,홍은제1동
1001381,2020,4,62,62,1141069000,남가좌제1동
1001382,2020,4,18,18,1141070000,남가좌제2동
1001383,2020,4,112,117,1144055500,아현동
1001384,2020,4,41,42,1144055500,아현동
1001385,2020,4,197,205,1144055500,아현동
1001386,2020,4,30,32,1144063000,신수동
1001387,2020,4,37,41,1144066000,서교동
1001388,2020,4,12,12,1144066000,서교동
1001389,2020,4,6,8,1144068000,합정동
1001390,2020,4,142,145,1144069000,망원제1동
1001391,2020,4,132,141,1144070000,망원제2동
1001392,2020,4,46,47,1144071000,연남동
1001393,2020,4,147,147,1144073000,성산제2동
1001394,2020,4,185,200,1147052000,목2동
1001395,2020,4,300,319,1147053000,목3동
1001396,2020,4,94,98,1147054000,목4동
1001397,2020,4,245,250,1147056000,신월1동
1001398,2020,4,67,69,1147056000,신월1동
1001399,2020,4,76,79,1147057000,신월2동
1001400,2020,4,33,33,1147058000,신월3동
1001401,2020,4,4,4,1147061000,신월6동
1001402,2020,4,115,121,1147061000,신월6동
1001403,2020,4,54,56,1147061100,신월7동
1001404,2020,4,84,87,1147062000,신정1동
1001405,2020,4,31,31,1147063000,신정2동
1001406,2020,4,151,167,1147064000,신정3동
1001407,2020,4,8,8,1150052000,등촌제1동
1001408,2020,4,32,35,1150053500,등촌제3동
1001409,2020,4,131,139,1150054000,화곡제1동
1001410,2020,4,18,18,1150056000,화곡제3동
1001411,2020,4,307,317,1150057000,화곡제4동
1001412,2020,4,143,155,1150059000,화곡본동
1001413,2020,4,270,294,1150059300,화곡제8동
1001414,2020,4,189,215,1150061100,발산제1동
1001415,2020,4,173,178,1150063000,방화제1동
1001416,2020,4,16,18,1150064000,방화제2동
1001417,2020,4,76,79,1153055000,구로제4동
1001418,2020,4,286,288,1153055000,구로제4동
1001419,2020,4,91,92,1153059500,가리봉동
1001420,2020,4,183,188,1153073000,고척제2동
1001421,2020,4,23,26,1153075000,개봉제2동
1001422,2020,4,81,90,1153077000,오류제1동
1001423,2020,4,278,281,1154561000,독산제1동
1001424,2020,4,211,213,1154563000,독산제3동
1001425,2020,4,2,2,1154563000,독산제3동
1001426,2020,4,73,79,1154567000,시흥제1동
1001427,2020,4,323,343,1154567000,시흥제1동
1001428,2020,4,3,3,1154569000,시흥제3동
1001429,2020,4,76,89,1154571000,시흥제5동
1001430,2020,4,1753,1922,1156053500,영등포동
1001431,2020,4,122,123,1156055000,당산제1동
1001432,2020,4,16,16,1156058500,도림동
1001433,2020,4,170,171,1156060500,문래동
1001434,2020,4,3,3,1156061000,양평제1동
1001435,2020,4,56,57,1156063000,신길제1동
1001436,2020,4,59,63,1156065000,신길제3동
1001437,2020,4,32,35,1156068000,신길제6동
1001438,2020,4,58,59,1156070000,대림제1동
1001439,2020,4,49,49,1156071000,대림제2동
1001440,2020,4,121,157,1159051000,노량진제1동
1001441,2020,4,93,97,1159051000,노량진제1동
1001442,2020,4,22,23,1159052000,노량진제2동
1001443,2020,4,18,20,1159053000,상도제1동
1001444,2020,4,177,199,1159053000,상도제1동
1001445,2020,4,27,29,1159054000,상도제2동
1001446,2020,4,128,135,1159055000,상도제3동
1001447,2020,4,135,147,1159056000,상도제4동
1001448,2020,4,261,275,1159060500,흑석동
1001449,2020,4,297,326,1159063000,사당제2동
1001450,2020,4,190,211,1159065000,사당제4동
1001451,2020,4,31,31,1159065000,사당제4동
1001452,2020,4,174,183,1162057500,행운동
1001453,2020,4,69,76,1162058500,낙성대동
1001454,2020,4,45,46,1162059500,청룡동
1001455,2020,4,66,69,1162060500,은천동
1001456,2020,4,22,24,1162060500,은천동
1001457,2020,4,53,60,1162061500,중앙동
1001458,2020,4,215,230,1162062500,인헌동
1001459,2020,4,253,259,1162065500,신원동
1001460,2020,4,167,174,1162068500,신사동
1001461,2020,4,17,17,1162068500,신사동
1001462,2020,4,61,61,1162072500,조원동
1001463,2020,4,40,40,1162072500,조원동
1001464,2020,4,70,71,1162074500,삼성동
1001465,2020,4,10,10,1162074500,삼성동
1001466,2020,4,110,119,1162076500,미성동
1001467,2020,4,46,50,1162077500,난곡동
1001468,2020,4,30,30,1165059000,방배본동
1001469,2020,4,47,55,1165065100,양재1동
1001470,2020,4,48,53,1168051000,신사동
1001471,2020,4,227,237,1168052100,논현1동
1001472,2020,4,19,19,1168053100,논현2동
1001473,2020,4,91,92,1168056500,청담동
1001474,2020,4,109,115,1168065000,역삼2동
1001475,2020,4,134,153,1168067000,개포2동
1001476,2020,4,83,84,1171051000,풍납1동
1001477,2020,4,231,240,1171055000,마천2동
1001478,2020,4,371,403,1171056200,방이2동
1001479,2020,4,165,177,1171060000,석촌동
1001480,2020,4,308,331,1171065000,잠실본동
1001481,2020,4,95,99,1174053000,명일제1동
1001482,2020,4,118,138,1174056000,고덕제2동
1001483,2020,4,173,189,1174057000,암사제1동
1001484,2020,4,69,77,1174059000,암사제3동
1001485,2020,4,69,71,1174060000,천호제1동
1001486,2020,4,12,12,1174061000,천호제2동
1001487,2020,4,61,62,1174061000,천호제2동
1001488,2020,4,107,113,1174065000,성내제2동
1001489,2020,4,261,276,1174066000,성내제3동
1001490,2020,4,270,281,1174068500,길동
1001491,2020,4,1654,1739,1117065000,이태원제1동
1001492,2020,4,8570,9207,1114052000,소공동
1001493,2020,4,12758,12971,1114059000,광희동
1001494,2020,4,5191,5427,1111061500,종로1.2.3.4가동
1001495,2020,4,2238,2479,1171056600,오륜동
1001496,2020,4,862,965,1168058000,삼성1동
